     1   0.96217617415771994E+00        83623         1703
     2   0.57003728176543795E-02        18103        67237
     3  -0.55438296589381151E-02        83637         1703
     4  -0.55438296589381169E-02        83623         1717
     5   0.53872865002218490E-02        67255        18085
     6  -0.39449793805749487E-02        83599         1763
     7   0.14280315792251676E-01        83627         1735
     8  -0.11019105075761117E-01        83659         1703
     9  -0.99105594724406311E-02        83623         1739
    10   0.15383138967411064E-01        83655         1707
    11  -0.14002401870879399E-03        67247        18115
    12  -0.12997788704349067E-03        67279        18083
    13  -0.28475292052735593E-03        18095        67267
    14  -0.28907662403153498E-03        18127        67235
    15   0.70707712734404223E-04        18155        67207
    16   0.96020194782927724E-03        67307        18055
    17  -0.42921203770542680E-02        83683         1679
    18  -0.11868904959088425E-02        67303        18059
    19   0.64313779926557261E-05        18151        67211
    20   0.49669045383182145E-03         1775        83587
    21  -0.11326139413774677E+00        83623        83463
    22  -0.80877765732652908E-02        67495        17959
    23   0.24622221929403502E-01        83751         1703
    24   0.24622221929403502E-01        83623         1831
    25  -0.41156667285541723E-01        18343        67111
    26   0.78993891248555180E-02       100007         4775
    27  -0.26331297082851728E-02       103079         1703
    28  -0.26331297082851728E-02        71335        33447
    29  -0.26331297082851728E-02        38567        66215
    30  -0.34938560763842367E-02        26279        66215
    31   0.35025509623152207E-02        90791         1703
    32   0.35025509623152215E-02        83623         8871
    33  -0.35112458482462047E-02        75431        17063
    34  -0.77960663693394799E-02        18151        67207
    35   0.28377869471743662E-01        83655         1703
    36   0.20455068458383515E-01        83623         1735
    37  -0.41036871560787704E-01        67303        18055
    38   0.16392259184817952E-02        83685         1687
    39  -0.36974199878565942E-02        83655         1717
    40  -0.21729723932951087E-02        67303        18069
    41  -0.15360238157213926E-02        67287        18085
    42   0.24678707237945966E-01        20135        66215
    43  -0.32208459871978769E-01        84647         1703
    44  -0.17172840094081317E-01        83623         2727
    45   0.24702592728114106E-01        69287        17063
    46  -0.26449997380030576E-04         7847        83617
    47   0.15246032787140726E-03        24229        67235
    48   0.19535646330126792E-03        22183        69281
    49   0.13987153054679088E-01        85669         5795
    50  -0.56489631562605565E-02        89761         1703
    51  -0.12114124739279384E-02        24227        67237
    52  -0.79626260323818684E-02        85667         5797
    53   0.89004568013525747E-03        20135        71329
    54  -0.73779561953966101E-02        67247        18083
    55   0.73676304102996250E-02        83627         1703
    56   0.73676304102996259E-02        83623         1707
    57  -0.73573046252026373E-02        18095        67235
    58   0.20665740011540254E-03        71335        20129
    59   0.15988259505483302E-01        87715         3749
    60  -0.85982518429495152E-02        87717         3747
    61  -0.77920215259504703E-02        83623         7841
    62  -0.94660499978109769E-02       198247         1703
    63  -0.17399449320780131E-02       198311         1639
    64  -0.17399449320780122E-02       132839        67111
    65   0.12945939861967003E-01        67303       132647
    66  -0.48609206906440206E-02        87715        85509
    67   0.12152301726610060E-02        89761        83463
    68   0.12152301726610065E-02        87717        85507
    69   0.12152301726610065E-02        87687        85537
    70   0.99782140093045979E-02       100007         1717
    71  -0.33260713364348664E-02       100021         1703
    72  -0.33260713364348668E-02        67255        34469
    73  -0.33260713364348673E-02        34487        67237
    74   0.85720904518077996E-03         3815        67237
    75  -0.26321208149488445E-02        22183        66219
    76   0.15940613344802921E-02        22187        66215
    77   0.10756864396943919E-03        21167        67235
    78  -0.21160996596578049E-01        84647         2727
    79  -0.15145951894640576E-01       165543         1703
    80   0.40906618172063605E-02        20135        83589
    81   0.25603872262067593E-01        85669        18055
    82  -0.13671840001691993E-01        85639        18085
    83  -0.16022694077581955E-01        83623        20101
    84   0.34216064670668398E-02        18103          935
    85  -0.70700505682424640E-02        18343          695
    86   0.31839630860571138E-02        17335         1703
    87   0.46448101511851005E-03         1975        17063
    88   0.43979303250341476E-02        82615         9893
    89  -0.10994825812585362E-02        83637         8871
    90  -0.10994825812585362E-02        90805         1703
    91  -0.10994825812585362E-02        83623         8885
    92  -0.10994825812585362E-02        90791         1717
    93  -0.10994825812585362E-02        67255        25253
    94  -0.10994825812585362E-02        74423        18085
    95  -0.10994825812585362E-02        18103        74405
    96  -0.10994825812585362E-02        25271        67237
    97   0.73298838750569101E-03        26293        66215
    98   0.73298838750569101E-03        75445        17063
    99   0.73298838750569101E-03        91813          695
   100   0.73298838750569101E-03        75431        17077
   101   0.73298838750569101E-03        26279        66229
   102   0.73298838750569101E-03         9911        82597
   103  -0.60937284530199493E-02        83627         1717
   104   0.68140002932252729E-04        83629         1715
   105   0.20085294833625663E-02        83641         1703
   106   0.58893084442231966E-02        83623         1721
   107   0.68140002932251862E-04        83635         1709
   108   0.68140002932251862E-04        67247        18097
   109   0.20085294833625663E-02        67259        18085
   110   0.68140002932251862E-04        18095        67249
   111   0.20085294833625655E-02        18107        67237
   112  -0.19858161490518152E-02        83637         1707
   113  -0.45426668621501388E-04        18109        67235
   114  -0.45426668621501713E-04        67261        18083
   115  -0.19858161490518161E-02        67255        18089
   116  -0.19858161490518165E-02        18103        67241
   117  -0.45426668621502255E-04         1727        83617
   118  -0.33469769681667926E-02       116387         5767
   119   0.21650286259955916E-02       104099        18055
   120  -0.77344833249222492E-02        83623        38531
   121   0.91814367106524858E-05        22183        99971
   122   0.18424205822990126E-04        34727        18055
   123  -0.65370629671945282E-02        51079         1703
   124  -0.65370629671945282E-02        50855         1927
   125   0.13055701728566065E-01        18343        34439
   126  -0.10340866887235288E-01       149159         8871
   127   0.34469556290784298E-02       156327         1703
   128   0.34469556290784298E-02       140967        17063
   129   0.34469556290784307E-02        26279       131751
   130   0.13585821625232924E-01        85543        67237
   131   0.45795095361195561E-03         1967        83491
   132  -0.44302077521906642E-02        69287        83493
   133   0.60253678246857353E-03        18347        67111
   134   0.16331099379852502E-01        82607        67111
   135  -0.88857330303734813E-02        83623        66095
   136  -0.88857330303734796E-02        83503        66215
   137   0.14403666808944684E-02        67247        82471
   138   0.65934272120340620E-02        83623        99847
   139  -0.15259776927610217E-01       116359        67111
   140   0.56141246881233802E-02       116263        67207
   141   0.30522250274527762E-02       100007        83463
   142  -0.17806327803521572E-01       100007         1831
   143   0.14066398794480899E-01       100135         1703
   144   0.35587845005851330E-02        67495        34343
   145   0.18114450845554278E-03        34727        67111
   146   0.97813176598034630E-02       214567        34439
   147  -0.20529348759219601E-02       214663        34343
   148  -0.59373492359521282E-02       247303         1703
   149   0.90768598552833297E-03       198311        50695
   150  -0.29767283745018316E-02       230951        18055
   151  -0.41341464764591083E-02       149159        99847
   152   0.30628556565931426E-03       181799        67207
   153  -0.45019222929507264E-02        83623       165383
   154  -0.11735256150088127E-02       116263       132743
   155   0.37429712714561721E-02       231047        17959
   156   0.55461740309491938E-02       116359       132647
   157  -0.12988611905312716E-02       181895        67111
   158   0.16617596709190250E-02       165543        83463
   159  -0.33356885534016963E-02       100007       148999
   160   0.34649624304120396E-02        50855       198151
   161   0.14175288495526801E-02        85543        18307
   162  -0.70542043903475959E-02        20135         1957
   163  -0.76651553838423395E-03         4007        18085
   164  -0.41484210332727952E-03       104071        18083
   165  -0.97011027349446118E-02       120451         1703
   166   0.13357912388675572E-01       116359         5795
   167   0.52111274248695473E-01        83623        69155
   168  -0.49988541710083871E-04        38567        83587
   169   0.20388159368266772E-03        54947        67207
   170   0.62539835381477039E-04        54919        67235
   171  -0.22561432406470819E-03        50855        71299
   172   0.80733486862165950E-02        85543        67235
   173  -0.20508377715218132E-02       100007        22147
   174   0.75698142449116563E-02        87715        87555
   175  -0.41101885420429373E-02        82607        87555
   176   0.77210088511678765E-03       214693         3623
   177  -0.60742983696265179E-03        69287        83491
   178  -0.59577193097949455E-01        85667        67111
   179   0.15211510254168400E-02        22407        83491
   180   0.19260945007229909E-01        85667        85507
   181  -0.70542043903475968E-02        20389         1703
   182   0.14175288495526801E-02        85767        18083
   183   0.14874924319079427E-01        18343         3749
   184   0.49626117218007507E-02       100007         1715
   185  -0.16542039072669167E-02       100019         1703
   186  -0.16542039072669167E-02        67255        34467
   187  -0.16542039072669167E-02        34487        67235
   188   0.81229894074222268E-02       149159         4775
   189  -0.27076631358074082E-02       152231         1703
   190  -0.27076631358074078E-02       136871        17063
   191  -0.27076631358074073E-02        22183       131751
   192   0.70778877679524043E-03        67255        82471
   193  -0.13823790068822193E-01        83623        66103
   194   0.20861978549211154E-02        83511        66215
   195   0.11029803437105830E-01        82615        67111
   196  -0.18192095598388407E-01       149159         1735
   197   0.14144171152687136E-01       149191         1703
   198   0.59963258756586869E-03       132839        18055
   199   0.34482918581354126E-02        18151       132743
   200   0.60322089078442579E-02         2023        83463
   201  -0.18629381800442588E-02        18375        67111
   202   0.20001655955711593E-04        67527        17959
   203  -0.45855368255278590E-02        18343        67143
   204   0.20378687656295389E-03        67495        17991
   205   0.17743971832011283E-03        18279        67207
   206  -0.15036022102965774E-02        67431        18055
   207   0.23882637940776327E-03        18151        67335
   208  -0.47523952300663162E-02        67303        18183
   209   0.19218701124507496E-01        83655         1831
   210  -0.12911206266237251E-01        83783         1703
   211  -0.44645583341817218E-02        83847         1639
   212  -0.10048096374458023E-01        83623         1863
   213   0.18894404657604648E-01        83751         1735
   214  -0.46570358993909301E-02        83559         1927
   215  -0.31483169533938434E-02        24229        67237
   216  -0.42615522356188951E-02        83875         1583
   217  -0.91713243153865179E-03        18343        67115
   218   0.15238954713803576E-01        83751         1707
   219   0.87527876889782960E-02        87687        18083
   220  -0.32222084486424274E-01        87715        18055
   221   0.24814095787718735E-01        83623        22147
   222  -0.13447989902727511E-02        22183        83587
   223   0.82826382632502117E-02        87715         9893
   224  -0.20706595658125542E-02        87717         9891
   225  -0.20706595658125542E-02        95905         1703
   226  -0.20706595658125542E-02        83623        13985
   227  -0.20706595658125525E-02        91811         5797
   228  -0.20706595658125534E-02        71335        26273
   229  -0.20706595658125525E-02        79523        18085
   230  -0.20706595658125525E-02        22183        75425
   231  -0.20706595658125551E-02        30371        67237
   232   0.13804397105417023E-02        91813         5795
   233   0.13804397105417036E-02        30373        67235
   234   0.13804397105417023E-02        79525        18083
   235   0.13804397105417023E-02        75431        22177
   236   0.13804397105417045E-02        26279        71329
   237   0.13804397105417049E-02        13991        83617
   238  -0.58389372991278802E-02       213671        66215
   239   0.31606656135622061E-03        67495        18983
   240   0.40386197851093232E-03       200231        18085
   241   0.17456154250219914E-02        18343        68135
   242   0.51692839396123001E-03         1967        17063
   243   0.91624425680214431E-03        18095        70307
   244   0.25907779721767491E-02        85639        85537
   245   0.87744882351796548E-03        69287        22177
   246   0.83649452415805075E-03        67247        21155
   247  -0.14859299975513622E-02        71271        83587
   248   0.10760161665956518E-03        73381        18083
   249  -0.11162060878772603E-01        86695         1707
   250  -0.42380022698341335E-03        18103        82567
   251  -0.12730529109213079E-03        18223        67235
   252  -0.81015344844067086E-03        85639        87585
   253  -0.35193647829079629E-02        83623         4779
   254  -0.43176571747793376E-02        83623         8875
   255   0.29590241721386720E-02        83627         8871
   256   0.45287766754689034E-03        91811          687
   257  -0.45594153416366745E-02        82607         9891
   258   0.29590241721386720E-02        90791         1707
   259   0.29590241721386720E-02        67247        25251
   260   0.45287766754688948E-03        75431        17067
   261   0.29590241721386720E-02        18095        74403
   262   0.45287766754688969E-03        26279        66219
   263   0.53346372316600112E-03        90795         1703
   264  -0.19726827814257812E-02        26283        66215
   265  -0.19726827814257808E-02        75435        17063
   266   0.53346372316600220E-03        74415        18083
   267   0.53346372316600101E-03        25263        67235
   268  -0.19726827814257808E-02         9903        82595
   269  -0.67905059187291393E-02        82615         3749
   270   0.16976264796822848E-02        83637         2727
   271   0.16976264796822848E-02        84661         1703
   272   0.16976264796822848E-02        83623         2741
   273   0.16976264796822848E-02        84647         1717
   274   0.16976264796822848E-02        67255        19109
   275   0.16976264796822848E-02        68279        18085
   276   0.16976264796822848E-02        18103        68261
   277   0.16976264796822848E-02        19127        67237
   278  -0.11317509864548565E-02        20149        66215
   279  -0.11317509864548565E-02        69301        17063
   280  -0.11317509864548565E-02        85669          695
   281  -0.11317509864548565E-02        69287        17077
   282  -0.11317509864548565E-02        20135        66229
   283  -0.11317509864548565E-02         3767        82597
   284  -0.16272250680637826E-01       149159         1707
   285   0.10679169483433166E-01        87715        34439
   286   0.21431738998451363E-02        69223        83587
   287  -0.33045073857851186E-02        87687        34467
   288  -0.68503142367382303E-03        87691        82471
   289   0.35063979056357291E-03        71335        50819
   290  -0.11652578429129524E-02        73379        18085
   291   0.14323634663824216E-01        83627         1831
   292  -0.14650126459080966E-03        67495        17963
   293   0.21431738998451363E-02        83623        69187
   294   0.16748036572852849E-02        71339        17063
   295   0.15211510254168400E-02        83875        22023
   296  -0.10141006836112269E-02        87939        17959
   297   0.34464218943617615E-03        26279        83589
   298  -0.14287825998967588E-02        85543        67267
   299  -0.23737913301440589E-02        83877        66215
   300  -0.10773096295929483E-01        83755         1703
   301   0.33743624490390998E-02        52901        67207
   302   0.14032219439693742E-03       136871        83491
   303  -0.23679605140547757E-01       214567        67111
   304  -0.25513784921438443E-02        71335        17067
   305   0.11504482252834984E-01       149163         1703
   306   0.19256518061472813E-03       132783        18083
   307   0.45752032471881136E-02        18095       132771
   308  -0.11956249800064662E-01         2023         1703
   309  -0.15361890005018794E-01       214567        18055
   310   0.51206300016729302E-02       214663        17959
   311   0.51206300016729293E-02       149159        83463
   312   0.51206300016729293E-02        83623       148999
   313   0.49377860453418358E-02        82607         9893
   314  -0.12344465113354596E-02        83629         8871
   315  -0.12344465113354596E-02        90797         1703
   316  -0.12344465113354596E-02        83623         8877
   317  -0.12344465113354596E-02        90791         1709
   318  -0.12344465113354596E-02        67247        25253
   319  -0.12344465113354596E-02        74415        18085
   320  -0.12344465113354596E-02        18095        74405
   321  -0.12344465113354579E-02        25263        67237
   322   0.82296434089030614E-03        26285        66215
   323   0.82296434089030679E-03        75437        17063
   324   0.82296434089030701E-03        91813          687
   325   0.82296434089030701E-03        75431        17069
   326   0.82296434089030722E-03        26279        66221
   327   0.82296434089030744E-03         9903        82597
   328   0.13983222496826458E-01        18343         3747
   329  -0.10999712750384636E-01        20387         1703
   330  -0.32404098526874650E-02        20135         1955
   331   0.25690010624564521E-03         4007        18083
   332   0.72139859746957087E-02        18095          935
   333  -0.13243139493320961E-01        18343          687
   334   0.55122251246640238E-02        17327         1703
   335  -0.85726955993805417E-02        67303        85507
   336   0.48178527942864761E-02        85639        34469
   337  -0.98945742288389701E-02        85669        34439
   338   0.16922404781841590E-02       118405         1703
   339   0.55724749204171158E-02        83623        36485
   340  -0.34634425715678692E-02       116359         3749
   341  -0.26724036758629330E-03        69287        50821
   342  -0.15168708089000644E-02       102023        18085
   343  -0.22851311827833695E-03        20135        99973
   344  -0.15297798920027171E-02        52871        67237
   345   0.14406997694739469E-02       116389         3719
   346  -0.12853180107599215E-02       115367         1687
   347   0.33872715321417498E-02       102053        18055
   348  -0.17684115176102759E-02       100007        20101
   349  -0.17813206007129248E-02        50855        69253
   350   0.16525116195487531E-03        36519        83589
   351   0.77210088511678765E-03       198311        20005
   352  -0.13666617458049833E-01        67303         3747
   353  -0.26617341590582397E-03        69287        17191
   354   0.25907779721767491E-02        85543        85633
   355  -0.24924715025516814E-01        85669        67111
   356   0.25907779721767495E-02        85669        85507
   357   0.25833731003547046E-04        70319        18083
   358  -0.59417467504335595E-04        71335       149027
   359   0.12152301726610056E-02        87591        85633
   360  -0.16050013449765706E-04        18095        67363
   361   0.99061999836757642E-03        87591        67267
   362  -0.68722732879273934E-03         4007        82471
   363  -0.99137687820552243E-02        83623         1835
   364  -0.14859299975513622E-02        83623        71235
   365   0.19864924968773217E-01        87715          687
   366  -0.16623181556676896E-01       100007         1707
   367   0.11840943740666425E-01       100011         1703
   368   0.46422673417711117E-02        67247        34467
   369   0.13997047423935108E-03        34479        67235
   370   0.24838017450791356E-01        85667         5795
   371  -0.23852911569623809E-02        19367        67111
   372  -0.11217601527517430E-02       202279        18083
   373  -0.13671041044268628E-02        18095        82567
   374  -0.35122464856045271E-03         3815        67235
   375  -0.58441912462335226E-02        83623       134693
   376   0.35278885908831574E-02        85669       132647
   377  -0.23411607412568453E-01       116359        18055
   378  -0.88034065162410635E-02        87591        67235
   379   0.32122146752266462E-01        87715        67111
   380  -0.24942027900466908E-01        83623        71203
   381   0.16232876644414966E-02        71335        83491
   382  -0.48090448340778929E-02        82855        67235
   383   0.16030149446926312E-02        83875        66215
   384   0.16030149446926310E-02        83623        66467
   385   0.16030149446926310E-02        67495        82595
   386   0.46108936959241764E-02        82663        18083
   387  -0.15369645653080584E-02        83683        17063
   388  -0.15369645653080582E-02        83623        17123
   389  -0.15369645653080580E-02        18151        82595
   390  -0.82635911519560908E-02        85639        18083
   391   0.60309010950928735E-01        85667        18055
   392  -0.52190163235438160E-01        83623        20099
   393   0.14474343646551235E-03        20135        83587
   394  -0.56061067426647999E-02        91813         9893
   395   0.91853877847288719E-02        82607        34439
   396  -0.22963469461822171E-02        83623        33423
   397  -0.22963469461822171E-02       115367         1679
   398  -0.22963469461822171E-02        83599        33447
   399  -0.22963469461822154E-02       115343         1703
   400  -0.22963469461822154E-02        67247        49799
   401  -0.22963469461822162E-02        98991        18055
   402  -0.22963469461822154E-02        18095        98951
   403  -0.22963469461822162E-02        49839        67207
   404   0.15308979641214784E-02        50855        66191
   405   0.15308979641214786E-02       100007        17039
   406   0.15308979641214789E-02       116359          687
   407   0.15308979641214789E-02        99983        17063
   408   0.15308979641214791E-02        50831        66215
   409   0.15308979641214784E-02        34479        82567
   410   0.10155533575601689E-01       149159         1717
   411  -0.33851778585338964E-02       149173         1703
   412  -0.33851778585338959E-02       132791        18085
   413  -0.33851778585338959E-02        18103       132773
   414  -0.58295004196830163E-02        83623         8999
   415   0.10434327738611918E-01        83751         8871
   416  -0.15349424396429714E-02        91687          935
   417  -0.42242036771342872E-02        82855         9767
   418   0.33512346989390991E-02        90791         1831
   419  -0.11500238843537366E-03        67495        25127
   420   0.19815009360394627E-02        75431        17191
   421  -0.26562125335923838E-03        18343        74279
   422   0.20317072243474154E-02        26279        66343
   423  -0.20700413538258760E-02        90919         1703
   424  -0.33895688284175628E-02        26407        66215
   425  -0.34397751167255142E-02        75559        17063
   426   0.14464020218565540E-02        74663        17959
   427   0.14966083101645093E-02        25511        67111
   428   0.12687454726487184E-03        10151        82471
   429   0.10870241367202672E-01       149159         2727
   430  -0.36234137890675563E-02       150183         1703
   431  -0.36234137890675568E-02       134823        17063
   432  -0.36234137890675568E-02        20135       131751
   433   0.65015528481454712E-02        83623         1749
   434  -0.11419230603590855E-01        83637         1735
   435  -0.16890814045493550E-02        85667         3875
   436   0.45907071154243076E-02        83607         1765
   437   0.17964537233143094E-01        82607         5795
   438   0.17364331739863632E-04        67255        18117
   439  -0.47394745264159530E-02        85543       132773
   440   0.30960630828121585E-03        18103        67269
   441  -0.22703863854755587E-02        18151        67221
   442   0.22761744960555154E-02        83669         1703
   443   0.37032080984365475E-02        18165        67207
   444   0.38006220906170005E-02        67317        18055
   445   0.35278885908831582E-02        69287       149029
   446  -0.16334378079018448E-02        18135        67237
   447  -0.10899021334035693E-03         1783        83589
   448   0.55377470506692743E-02        82663         3719
   449  -0.13844367626673199E-02        83655         2727
   450  -0.13844367626673190E-02        84679         1703
   451  -0.13844367626673190E-02        83623         2759
   452  -0.13844367626673199E-02        84647         1735
   453  -0.13844367626673199E-02        67303        19079
   454  -0.13844367626673190E-02        68327        18055
   455  -0.13844367626673190E-02        18151        68231
   456  -0.13844367626673190E-02        19175        67207
   457   0.92295784177821275E-03        20167        66215
   458   0.92295784177821296E-03        69319        17063
   459   0.92295784177821307E-03        85639          743
   460   0.92295784177821307E-03        69287        17095
   461   0.92295784177821275E-03        20135        66247
   462   0.92295784177821253E-03         3815        82567
   463  -0.10427189585177321E-01       100007         8871
   464   0.34757298617257731E-02       107175         1703
   465   0.34757298617257727E-02        75431        33447
   466   0.34757298617257735E-02        42663        66215
   467   0.69460024271434020E-02        69287         1765
   468   0.10847708525558829E-03        67499        17959
   469   0.14246579696961324E-04         5807        82595
   470   0.40386197851093210E-03       151079        67237
   471  -0.69042211129385148E-02        67247          743
   472   0.23014070376461706E-02        67303          687
   473   0.23014070376461701E-02        66287         1703
   474   0.23014070376461701E-02         1775        66215
   475  -0.21830473046982189E-01        83627         1707
   476   0.81101565736355127E-02        67303         9893
   477  -0.27033855245451712E-02        75493         1703
   478  -0.27033855245451716E-02        75431         1765
   479  -0.27033855245451716E-02         9959        67237
   480   0.60796879241869486E-02        82615         5795
   481  -0.15199219810467369E-02        83635         4775
   482  -0.15199219810467369E-02        86707         1703
   483  -0.15199219810467369E-02        83623         4787
   484  -0.15199219810467378E-02        86695         1715
   485  -0.15199219810467378E-02        67255        21155
   486  -0.15199219810467369E-02        70327        18083
   487  -0.15199219810467369E-02        18103        70307
   488  -0.15199219810467369E-02        21175        67235
   489   0.10132813206978251E-02        22195        66215
   490   0.10132813206978248E-02        71347        17063
   491   0.10132813206978246E-02        87715          695
   492   0.10132813206978246E-02        71335        17075
   493   0.10132813206978244E-02        22183        66227
   494   0.10132813206978242E-02         5815        82595
   495   0.63960335620850727E-02        83623         4807
   496  -0.15990083905212703E-02        83655         4775
   497  -0.15990083905212703E-02        87687          743
   498  -0.15990083905212703E-02        82663         5767
   499  -0.15990083905212686E-02        86695         1735
   500  -0.15990083905212686E-02        67303        21127
   501  -0.15990083905212686E-02        71335        17095
   502  -0.15990083905212686E-02        18151        70279
   503  -0.15990083905212690E-02        22183        66247
   504   0.10660055936808459E-02        86727         1703
   505   0.10660055936808459E-02        22215        66215
   506   0.10660055936808457E-02        71367        17063
   507   0.10660055936808457E-02        70375        18055
   508   0.10660055936808459E-02        21223        67207
   509   0.10660055936808463E-02         5863        82567
   510  -0.15631737520895904E-03         1975        83493
   511  -0.16189770344449811E-02        67383        18085
   512  -0.15383853855273162E-02        18231        67237
   513   0.37165185676206599E-02        67509        17959
   514   0.32996660896689417E-02        90791         1735
   515  -0.12853180107599215E-02       115351         1703
   516   0.18939979394946287E-02        84647         1715
   517  -0.23519257272554385E-02       151205        67111
   518   0.48245368636124094E-03        83623         2855
   519  -0.23759475790701920E-03        67247        18211
   520   0.24906466774144579E-02        85543          935
   521  -0.81015344844067075E-03        89637        83587
   522  -0.64293156409747755E-02        83623        75301
   523   0.85687867383994754E-03       100007        17047
   524  -0.12853180107599211E-02        83607        33447
   525  -0.24472134968409735E-02       149159        71203
   526  -0.16540328432192664E-01        82607        18055
   527  -0.68503142367382292E-03        87595        82567
   528   0.69460024271434011E-02        69349         1703
   529   0.45015675671450017E-02        83511         1957
   530  -0.11504919239051925E-01        83637         1831
   531   0.23344505573023090E-02        83765         1703
   532   0.65343995462800331E-02        83623         1845
   533  -0.36786557044750142E-02        83751         1717
   534   0.35536353618994247E-03        67255        18213
   535  -0.10488115070801008E-01        85667          687
   536   0.11358858943695370E-03        18103        67365
   537   0.16568398975906275E-02        83877         1591
   538   0.37971102165383231E-02        18357        67111
   539  -0.15855012765678752E-02        18343        70183
   540  -0.13010926830944852E-01        71395         1703
   541  -0.22965876941566559E-02        67495        17973
   542  -0.22159960452389910E-02        18343        67125
   543  -0.13226786160734358E-02        18095        68259
   544   0.77210088511678809E-03       149159        69157
   545  -0.16197911231195336E-01        83627         4775
   546   0.23065892148519855E-02        83623       131631
   547   0.15769101152474565E-01        83623        69157
   548   0.35278885908831582E-02       214567         3749
   549   0.10786005389782806E-01        83623         2731
   550   0.89537162683097568E-02        83599        17063
   551  -0.81015344844067064E-03        85669        87555
   552   0.11213539988707111E-01        69347         1703
   553   0.23065892148519864E-02        18095       197159
   554  -0.25479240462350241E-02       198311        22051
   555  -0.69358787293434757E-02        86699         1703
   556   0.25461090524161291E-02        69415        17063
   557  -0.97920364924249850E-02        85667        87555
   558  -0.14749213899467574E-01        67303         3749
   559   0.19349576007526688E-01        18343       132647
   560   0.25271322356982700E-02       149287         1703
   561  -0.24403840478923227E-01       149159         1831
   562   0.25271322356982691E-02       133031        17959
   563   0.52900491751396344E-02       100007         1709
   564  -0.17633497250465451E-02       100013         1703
   565  -0.17633497250465454E-02        67247        34469
   566  -0.17633497250465449E-02        34479        67237
   567  -0.31025307697060944E-03        90823         1703
   568  -0.23052983622788258E-02        69287        50819
   569   0.14534324152308648E-02        74471        18055
   570  -0.16890814045493546E-02        69539        20003
   571  -0.16118822290454693E-02        75463        17063
   572  -0.15855012765678752E-02        71335        17191
   573   0.23435144539260685E-03        91783          743
   574   0.15368655748525509E-02       118403         1703
   575  -0.57664059180482360E-02        83623         8903
   576   0.19718144574475266E-01        67303         5795
   577  -0.12853180107599215E-02        67255        49799
   578  -0.17189434574813676E-02        20195        69251
   579  -0.10196693956737231E-01        91813        18055
   580  -0.16569097487635900E-03       102023        18083
   581   0.66517119913666754E-03        20135        66219
   582  -0.24556707407411005E-01       100007         1735
   583   0.27434987954725125E-02       100039         1703
   584   0.19069709816465975E-01        67303        34439
   585   0.27434987954725108E-02        34535        67207
   586   0.94661873794324551E-02        85669         9893
   587  -0.31553957931441524E-02        91813         3749
   588  -0.31553957931441524E-02        77477        18085
   589  -0.31553957931441533E-02        28325        67237
   590  -0.92263568594079491E-02        82607       132647
   591  -0.15565813035571655E-02        67255        18097
   592  -0.12626652929964204E-02        69287        17075
   593   0.12152301726610065E-02        85667        87557
   594  -0.60489427362650527E-03        68271        18083
   595   0.18939979394946296E-02        83635         2727
   596   0.18939979394946296E-02        68279        18083
   597  -0.21262932743290200E-02        20263        83587
   598   0.18939979394946296E-02        83623         2739
   599  -0.12853180107599211E-02        83623        33431
   600  -0.12626652929964199E-02        20147        66215
   601   0.47701959488825581E-03         3759        82595
   602   0.21077175539425307E-01        85667         3749
   603  -0.21262932743290200E-02        20135        83715
   604  -0.75759917579785218E-02        82615         3747
   605  -0.26996970568785163E-01        83751         1831
   606  -0.98207588702103835E-02        83623         4775
   607   0.32735862900701274E-02        86695         1703
   608   0.32735862900701274E-02        71335        17063
   609   0.32735862900701274E-02        22183        66215
   610   0.55189174146484049E-02        86695         8871
   611  -0.18396391382161351E-02        90791         4775
   612  -0.18396391382161353E-02        78503        17063
   613  -0.18396391382161353E-02        29351        66215
   614  -0.23052983622788253E-02       116359         3747
   615   0.63342834206803955E-02        83623        26245
   616  -0.12626652929964206E-02        20135        66227
   617  -0.19642372440754675E-02        84647         1831
   618  -0.67291418987984299E-02        90791         8871
   619  -0.68887329751180651E-02        82663        18085
   620   0.22962443250393546E-02        83685        17063
   621   0.22962443250393550E-02        83623        17125
   622   0.22962443250393550E-02        18151        82597
   623  -0.19533892412565642E-01        18343         5795
   624   0.95785715321643240E-02        22435         1703
   625   0.95785715321643240E-02        22183         1955
   626   0.37674934823699410E-03         6055        18083
   627  -0.80037731879691043E-02        85667         9893
   628   0.20009432969922765E-02        85669         9891
   629   0.20009432969922765E-02        93857         1703
   630   0.20009432969922765E-02        83623        11937
   631   0.20009432969922765E-02        91811         3749
   632   0.20009432969922765E-02        69287        26273
   633   0.20009432969922765E-02        77475        18085
   634   0.20009432969922765E-02        20135        75425
   635   0.20009432969922765E-02        28323        67237
   636  -0.13339621979948518E-02        91813         3747
   637  -0.13339621979948522E-02        28325        67235
   638  -0.13339621979948525E-02        77477        18083
   639  -0.13339621979948525E-02        75431        20129
   640  -0.13339621979948527E-02        26279        69281
   641  -0.13339621979948531E-02        11943        83617
   642   0.35887794720941574E-02       202403        17959
   643  -0.10210496033576928E-02       153127        67235
   644   0.10570008510452501E-02        21415        67111
   645   0.77031896062093987E-02        83623       136739
   646  -0.10706920948778139E-01        87715       132647
   647   0.23065892148519864E-02       197295        17959
   648   0.21431738998451380E-02        69347        83463
   649   0.94449508601815342E-02        85669         5797
   650   0.35278885908831582E-02        20135       198181
   651  -0.14287825998967579E-02        85667        67143
   652  -0.23737913301440589E-02        67495        82597
   653   0.24274076743395264E-02       218659         1703
   654  -0.49051938298512506E-02       116359        85507
   655   0.10275471355107339E-02        83599        86563
   656   0.23435144539260566E-03        26279        66247
   657   0.89537162683097585E-02        83623        17039
   658   0.85687867383994797E-03        50839        66215
   659   0.54102580458651487E-02        82855         3623
   660  -0.71384625990015211E-02        82607         3747
   661  -0.15377261432346584E-02       214567          687
   662  -0.17260502855359492E-01        85669         3747
   663  -0.18684081792404343E-02        69287        20129
   664  -0.19482645048253758E-02        20135        69281
   665  -0.14863603446836711E-01       214567       132647
   666  -0.26328665123498674E-01        67303        67111
   667  -0.13091438596186369E-02        67247        19107
   668  -0.70440971350543168E-04        89635        83587
   669  -0.16161021606028584E-02        84647         1707
   670  -0.64978668422853948E-02        71335         1763
   671  -0.15565813035571653E-02        83637         1715
   672  -0.17189434574813676E-02        85667         3779
   673   0.18928712391030897E-02        71335        83493
   674  -0.98747886955237126E-03        69287        17069
   675  -0.22770489473400706E-03        67303        25223
   676  -0.15377261432346582E-02       198311        16943
   677   0.50633515818704154E-02        18151        74375
   678   0.13682605139763462E-01        83623        17047
   679  -0.19087748690737930E-02        68519        17959
   680  -0.16118822290454701E-02         9959        82567
   681  -0.10141006836112269E-02        87687        18211
   682   0.65304064248439470E-03        69287        17067
   683   0.41135237999285687E-02        83623        36483
   684  -0.23052983622788245E-02       116387         3719
   685  -0.60274181254991511E-03        85667        34439
   686   0.84804522424648495E-03        84775         1703
   687   0.10275471355107339E-02        83623        86539
   688   0.14175288495526801E-02        85891        17959
   689  -0.68503142367382314E-03        87715        82447
   690   0.18939979394946287E-02        18103        68259
   691  -0.14287825998967581E-02        85699        67111
   692  -0.33439148139874308E-02        91687        67237
   693  -0.11229827382106376E-01        82615        18055
   694  -0.41562211104122487E-02        83503         1955
   695  -0.74268970379441298E-03        20135        66343
   696   0.85687867383994710E-03        50855        66199
   697  -0.14859299975513640E-02        71395        83463
   698   0.18939979394946296E-02        19127        67235
   699   0.28043021179031675E-02        69287         1763
   700  -0.18233201636972022E-03        67375        18083
   701  -0.20289775306736755E-02        83607        17063
   702   0.35177683466206568E-02        91783        18085
   703   0.77044313941768171E-03        20139        66215
   704  -0.14859299975513631E-02        83559        71299
   705   0.12152301726610052E-02        83623        89601
   706   0.20695927645275414E-02        20263        66215
   707   0.36894900214882076E-02       153251        67111
   708  -0.23519257272554368E-02       134823        83493
   709  -0.10195205295755228E-01        83637         1717
   710  -0.14287825998967575E-02        85603        67207
   711  -0.81015344844067086E-03        85543        87681
   712   0.15211510254168400E-02        83751        22147
   713   0.10275471355107339E-02        86695        83467
   714   0.14812183043285555E-02        84647         1709
   715  -0.10141006836112275E-02        87591        18307
   716   0.46964080987152322E-02       214567        85507
   717   0.10012437808562470E-02       214691         5671
   718  -0.70440971350543168E-04        89731        83491
   719  -0.10141006836112271E-02        87815        18083
   720  -0.93514004527833110E-03        73379        18083
   721   0.99494143506000561E-02        84651         1703
   722  -0.21262932743290200E-02        83875        19975
   723  -0.12626652929964201E-02        69299        17063
   724  -0.51280577820926364E-02        82615       132647
   725   0.12820144455231595E-02        83623       131639
   726   0.12820144455231595E-02       213671         1591
   727   0.12820144455231595E-02        83511       131751
   728   0.12820144455231587E-02       213559         1703
   729   0.12820144455231587E-02        67255       148007
   730   0.12820144455231587E-02       197303        17959
   731   0.12820144455231587E-02        18103       197159
   732   0.12820144455231604E-02       148151        67111
   733  -0.85467629701543911E-03       149159        66103
   734  -0.85467629701543857E-03       198311        16951
   735  -0.85467629701543890E-03       214567          695
   736  -0.85467629701543846E-03       198199        17063
   737  -0.85467629701543835E-03       149047        66215
   738  -0.85467629701543825E-03       132791        82471
   739  -0.23023926452091469E-01        87715         3747
   740  -0.79543937186046156E-02        83751         2727
   741  -0.60274181254991511E-03        85639        34467
   742   0.14175288495526801E-02        85639        18211
   743   0.14175288495526801E-02        85667        18183
   744   0.23065892148519855E-02        83503       131751
   745   0.15368655748525506E-02        52871        67235
   746   0.15211510254168408E-02        22311        83587
   747  -0.20935090124502364E-03         5863        67235
   748   0.19980369375940808E-02        75431        17095
   749  -0.10157203150892116E-02        83627         2727
   750  -0.15377261432346580E-02       149159        66095
   751   0.10570008510452497E-02        86823         1703
   752  -0.98747886955237105E-03        20135        66221
   753  -0.14689941423292894E-01       116359        34439
   754  -0.68503142367382325E-03        87687        82475
   755   0.23065892148519864E-02       213551         1703
   756   0.48866152274811029E-02        91813        67111
   757   0.85687867383994797E-03        34487        82567
   758  -0.29708082109408649E-01        87715         5795
   759  -0.14859299975513640E-02        71367        83491
   760  -0.21262932743290200E-02        83623        20227
   761   0.48866152274811029E-02        75431        83493
   762  -0.58995531736917768E-03        19119        67235
   763  -0.12853180107599198E-02        49847        67207
   764   0.40386197851092971E-03       216613         1703
   765  -0.16889151067613661E-02        23207        66215
   766  -0.98747886955237061E-03         3759        82597
   767  -0.27004921283358935E-01        83655         1735
   768   0.50633515818704171E-02        83655         8871
   769   0.46697439106714944E-02        83635         1717
   770  -0.98747886955237126E-03        85669          687
   771  -0.60274181254991381E-03        20135        99971
   772  -0.36154911568648233E-03        22183       198179
   773  -0.37092958439896534E-02       214567         5795
   774   0.28023712869079025E-02       100007        20099
   775   0.15211510254168400E-02        22183        83715
   776   0.54195646705672033E-02        83623        84487
   777   0.99329184351260712E-02        87715        85507
   778   0.14812183043285555E-02        68271        18085
   779   0.10570008510452497E-02        22311        66215
   780  -0.16890814045493548E-02        85795         3747
   781   0.15211510254168408E-02        83623        22275
   782  -0.87895095342154688E-03        24227        67235
   783   0.23065892148519864E-02       148143        67111
   784   0.20661065002302989E-02        83629         1707
   785   0.14812183043285555E-02        18095        68261
   786   0.18928712391030895E-02        87591        67237
   787  -0.16569097487636051E-03       102051        18055
   788  -0.18065215568557344E-02        84647        83463
   789   0.15368655748525504E-02        52899        67207
   790  -0.18643077851063206E-02        87717        18055
   791   0.23065892148519855E-02       213671         1583
   792  -0.33755677212469440E-02        26311        66215
   793   0.14812183043285559E-02        67247        19109
   794  -0.17189434574813674E-02        85699         3747
   795  -0.15855012765678734E-02        67495        21031
   796  -0.15855012765678747E-02        22183        66343
   797  -0.31483169533938443E-02        87717         3749
   798  -0.68503142367382314E-03        87591        82571
   799  -0.94672039527346537E-02        83623         1709
   800  -0.16889151067613661E-02        72359        17063
   801   0.34246979257595632E-02        87591       132771
   802   0.85687867383994754E-03       116359          695
   803  -0.98747886955237105E-03        69293        17063
   804  -0.23519257272554385E-02       200357        17959
   805  -0.23052983622788249E-02        50855        69251
   806   0.10570008510452499E-02        71463        17063
   807   0.20661065002302989E-02        67247        18089
   808  -0.81015344844067064E-03        89733        83491
   809  -0.61983195006908966E-02        83627         1709
   810   0.78397789587248041E-03        69291        17063
   811  -0.15855012765678752E-02        83751         4775
   812  -0.98747886955237148E-03        20141        66215
   813  -0.48093915195804887E-01        85667         3747
   814   0.10712948046584268E-01       100007         2727
   815  -0.35709826821947563E-02       101031         1703
   816  -0.35709826821947559E-02        69287        33447
   817  -0.35709826821947559E-02        36519        66215
   818   0.55853957346092588E-02       149159         1709
   819  -0.18617985782030863E-02       149165         1703
   820  -0.18617985782030866E-02       132783        18085
   821  -0.18617985782030861E-02        18095       132773
   822   0.20661065002302989E-02        18095        67241
   823  -0.12626652929964204E-02        85667          695
   824  -0.15654693662384108E-02        85543       214531
   825  -0.41325923509585895E-02        82663         9863
   826   0.12152301726610052E-02        89731        83493
   827   0.27075055327622686E-02        26533         1703
   828   0.14812183043285568E-02        83623         2733
   829   0.15211510254168408E-02        83847        22051
   830   0.18939979394946287E-02        67255        19107
   831  -0.31025307697061030E-03        25319        67207
   832   0.51568303724441027E-02        69347        20099
   833   0.18928712391030893E-02        87717        67111
   834   0.54829569339516927E-02        18343        18183
   835  -0.18065215568557344E-02        85543        82567
   836   0.21431738998451363E-02        69287        83523
   837  -0.77723339165302486E-02        85667        85509
   838   0.99061999836757707E-03        87687        67171
   839   0.14175288495526801E-02        85795        18055
   840  -0.12013598976374518E-01        86695         4775
   841   0.59437199902054542E-02        67303        87555
   842  -0.81225165982868053E-02        18343         9893
   843  -0.21262932743290200E-02        20359        83491
   844  -0.12626652929964199E-02         3767        82595
   845  -0.59248732173142211E-02        82607         3749
   846   0.85051730973160801E-02        18343        85507
   847   0.21431738998451380E-02        83683        69127
   848   0.55929233553189623E-02        83623        22149
   849  -0.14859299975513648E-02        71335        83523
   850   0.21431738998451363E-02        83559        69251
   851   0.10570008510452501E-02         6055        82471
   852  -0.22795195110539505E-01        85669         3749
   853  -0.14859299975513648E-02        83655        71203
   854   0.99061999836757599E-03        87623        67235
   855  -0.61619155547895958E-02       115367        17063
   856   0.14812183043285564E-02        84653         1703
   857  -0.15855012765678734E-02        86695         1831
   858  -0.16889151067613658E-02        86695         2727
   859   0.23065892148519864E-02        67247       148007
   860   0.51412720430396826E-02        82615        34439
   861   0.16350646099504167E-02       118279        83587
   862  -0.15377261432346584E-02       198191        17063
   863   0.50672442136480639E-02        20387        69155
   864  -0.15654693662384110E-02       216611        83463
   865  -0.12853180107599207E-02        98999        18055
   866   0.99061999836757577E-03        87715        67143
   867  -0.23737913301440589E-02        83623        66469
   868  -0.14237976682800572E-01        85639         3719
   869  -0.15654693662384108E-02       216583        83491
   870   0.14812183043285568E-02        83629         2727
   871  -0.15565813035571658E-02        18103        67249
   872   0.15211510254168400E-02        22435        83463
   873   0.16350646099504164E-02       118403        83463
   874   0.55866322317895643E-02        67303        67143
   875  -0.16569097487635900E-03        36519        83587
   876   0.85687867383994797E-03        99991        17063
   877  -0.21262932743290200E-02        83847        20003
   878  -0.56786137173092657E-02        83623        71205
   879  -0.18643077851063202E-02        22183        83589
   880  -0.18065215568557344E-02        85639        82471
   881   0.16350646099504167E-02        85639       116227
   882  -0.12817625354738051E-01        82607          687
   883   0.71213739904321775E-02        82855        67237
   884  -0.21262932743290200E-02        83751        20099
   885  -0.10141006836112271E-02        87843        18055
   886   0.10275471355107339E-02        86575        83587
   887   0.31557346509115511E-02        18095        67237
   888   0.50667453202840988E-02        84647         4775
   889  -0.14287825998967583E-02        85639        67171
   890  -0.81015344844067075E-03        89607        83617
   891   0.21431738998451363E-02        83655        69155
   892  -0.18643077851063204E-02        87687        18085
   893  -0.60846041016673598E-02        18343        87555
   894   0.27075055327622686E-02        10151        18085
   895  -0.15855012765678743E-02        87591          935
   896  -0.15377261432346588E-02       132783        82471
   897   0.31557346509115520E-02        67247        18085
   898  -0.15855012765678752E-02        82855         5671
   899   0.10570008510452499E-02        70567        17959
   900   0.27075055327622686E-02        26279         1957
   901  -0.10141006836112271E-02        87715        18183
   902   0.18939979394946296E-02        84659         1703
   903   0.31557346509115515E-02        83629         1703
   904   0.14812183043285568E-02        19119        67237
   905  -0.14287825998967581E-02        85575        67235
   906  -0.57958753625601831E-02       149159         1703
   907   0.21431738998451380E-02        69319        83491
   908  -0.68503142367382335E-03        87567        82595
   909   0.99061999836757555E-03        87651        67207
   910   0.10275471355107339E-02        83503        86659
   911   0.99061999836757685E-03        87747        67111
   912   0.44552223418676653E-02        18343        85509
   913  -0.11138055854669161E-02        20389        83463
   914  -0.11138055854669161E-02        83877        19975
   915  -0.11138055854669161E-02        20359        83493
   916  -0.11138055854669161E-02        83847        20005
   917  -0.11138055854669161E-02        20263        83589
   918  -0.11138055854669161E-02        83751        20101
   919  -0.11138055854669161E-02        20135        83717
   920  -0.11138055854669161E-02        83623        20229
   921   0.74253705697794432E-03        85669        18183
   922   0.74253705697794432E-03        85797        18055
   923   0.74253705697794421E-03        85893        17959
   924   0.74253705697794421E-03        85639        18213
   925   0.74253705697794410E-03        85767        18085
   926   0.74253705697794410E-03        85543        18309
   927   0.10275471355107335E-02        83627        86535
   928  -0.15377261432346586E-02       149039        66215
   929   0.10275471355107339E-02        86671        83491
   930   0.12152301726610052E-02        89635        83589
   931  -0.27336938139550206E-01        18343        18055
   932   0.63420051062714963E-02        83623         4903
   933  -0.14859299975513640E-02        83683        71175
   934   0.10275471355107339E-02        86699        83463
   935  -0.12853180107599207E-02        18103        98951
   936   0.11372245554607318E-01        83623         1715
   937  -0.37907485182024398E-02        83635         1703
   938  -0.37907485182024393E-02        67255        18083
   939  -0.37907485182024393E-02        18103        67235
   940  -0.56605143041600307E-02        82855          935
   941  -0.21262932743290200E-02        20387        83463
   942  -0.31483169533938443E-02        73381        18085
