     1  -0.98832602946547521E+00         2371         2371
     2   0.14009344425085453E-01         8467         2371
     3  -0.11666688517115616E-01         2437         2371
     4   0.21902912982773189E-01         4483         2371
     5  -0.11673333037944704E-01         4421         2371
     6   0.21884806481662092E-01         4675         2371
     7   0.14877887963891504E-01        16467         2371
     8  -0.17154264267853124E-01         2371         3083
     9   0.11009572364542659E-01         2315         8515
    10   0.40334247081415385E-01         2627         2627
    11  -0.17154264987765809E-01         3083         2371
    12   0.21828471329380622E-01         2691         2371
    13   0.15359900659236942E-01         2315         2315
    14  -0.11666689486425508E-01         2371         2437
    15   0.11883930250126734E-01          327          327
    16  -0.10837395057172539E-01          339        10499
    17  -0.10837395349477093E-01        10499          339
    18  -0.10645492365195297E-01        16707         2123
    19  -0.11673333428244595E-01         2371         4421
    20   0.14877887398615118E-01         2371        16467
    21  -0.28982868220063192E-01         4419         2435
    22  -0.10826609308345600E-01         8515         3139
    23   0.21884805888671539E-01         2371         4675
    24  -0.11665626464206715E-01         2371         2629
    25   0.10710650920042714E-01        10499        18499
    26   0.22690153301983415E-01         2373         2627
    27   0.14009343469059059E-01         2371         8467
    28   0.21902912626014685E-01         2371         4483
    29  -0.10606666848796416E-01         6465          327
    30   0.11009572879382977E-01         8515         2315
    31  -0.11665625866279694E-01         2629         2371
    32   0.22687708026786504E-01         4419         2373
    33   0.14467511168633471E-01        10499        10499
    34   0.21828470741028609E-01         2371         2691
    35  -0.10609018220153870E-01         2497         2311
    36   0.11911659081229903E-01         2311         2311
    37  -0.10818335307987662E-01        16707         3331
    38  -0.29150999538560117E-01         2435         2627
    39  -0.28991859664589989E-01         4419         2627
    40   0.40300977724482386E-01         2435         2435
    41  -0.10610002619668607E-01         2119         2881
    42  -0.28982866740404758E-01         2435         4419
    43   0.17403228234978071E-01         2373         2373
    44   0.14695307247440181E-01        16707        16707
    45  -0.10582282169933488E-01          339        18499
    46  -0.10606667053234932E-01          327         6465
    47  -0.10582282359714834E-01        18499          339
    48   0.22690154841633094E-01         2627         2373
    49   0.22689468378501287E-01         2373         2435
    50   0.22687706503088979E-01         2373         4419
    51   0.14721369539758784E-01         8515         8515
    52  -0.10610002676811552E-01         2881         2119
    53  -0.28991857082762772E-01         2627         4419
    54  -0.10609016817432329E-01         2311         2497
    55  -0.10826609200896769E-01         3139         8515
    56   0.13849714400508743E-01         2123         2123
    57   0.40217403282639765E-01         4419         4419
    58   0.14636838267267704E-01         3331         3331
    59  -0.10818336303829064E-01         3331        16707
    60  -0.10645492034284840E-01         2123        16707
    61   0.14615401668085407E-01         3139         3139
    62   0.22689468886633358E-01         2435         2373
    63  -0.29151003742691826E-01         2627         2435
    64   0.14460760201036255E-01        18499        18499
    65   0.10710650643121837E-01        18499        10499
    66   0.11923700963279089E-01         2119         2119
    67   0.18622460182922376E-01          339          339
