     1   0.96219291441722621E+00        83623         1703
     2   0.67180885956723609E-02        83623        99847
     3  -0.71061990119581720E-02        83637         1703
     4  -0.10584514360828443E-01        83623         1709
     5   0.28074534489842283E-01        83655         1703
     6   0.83321606704260254E-02        83627         1703
     7  -0.66400816903695306E-02        20389         1703
     8  -0.72070552475857648E-02        67495        17959
     9   0.27861752171755350E-01        83751         1703
    10   0.21761126303849188E-01        83623         1735
    11   0.22021425530072396E-01        83623         1831
    12  -0.51300846292883289E-02        83623       134693
    13  -0.97198200673376464E-02        83637         1717
    14  -0.12226620275292014E-01        71395         1703
    15  -0.59782973460619131E-02        83623         1717
    16   0.75668467728546469E-02        83623         1707
    17  -0.17589172536183958E-01       149159         1735
    18  -0.66372499714631421E-02       149173         1703
    19  -0.11324298492528124E-01         2023         1703
    20  -0.85162717642136617E-02       198247         1703
    21  -0.19725915591150917E-01        83623         2727
    22   0.60304871253404379E-02        83765         1703
    23   0.53180099495497247E-02        91813          687
    24   0.13860073830075573E-01       100135         1703
    25  -0.63216431679770811E-02        90919         1703
    26  -0.69230559066106026E-02       247303         1703
    27  -0.10055199502212874E-01        83623         1863
    28   0.62168758241811497E-02        87717        67111
    29   0.10090844920017713E-01       116359          687
    30   0.13857951500806865E-01       149191         1703
    31   0.59467580365826136E-02        83623         4903
    32   0.96234610731143946E-02        83623         2731
    33  -0.69520210481244212E-02        83623        38531
    34   0.10641669313145799E-01       100007         1717
    35  -0.64359168058090227E-02        20135         1957
    36   0.12215804088760393E-01        22435         1703
    37   0.63146909332531913E-02        83623        26245
    38   0.58368949227639213E-02       118403         1703
    39   0.93950801251954288E-02       218659         1703
    40  -0.72226192003354761E-02        83623         7841
    41  -0.14820577171349669E-01        83623        20101
    42   0.11011686069924817E-01        90791         1831
    43  -0.34944200007556735E-01        84647         1703
    44  -0.12857857283799491E-01        82607          687
    45  -0.10965881858336031E+00        83623        83463
    46  -0.10549069682605909E-01        85669        34439
    47  -0.74084238772017183E-02        84647         1831
    48   0.58687535779371486E-02        17327         1703
    49   0.10752142173972783E-01       100007         2727
    50  -0.16531942213034317E-01       100007         1707
    51  -0.75485441611221026E-02        86695         1831
    52  -0.25502475520287282E-01        85669        67111
    53  -0.75336331629869769E-02        82607         3747
    54  -0.10237229075216238E-01       100007         8871
    55  -0.56115149526074449E-02        83623        71205
    56   0.33025651246266441E-01        87715        67111
    57   0.12401189284096501E-01        83623         1715
    58  -0.54863037894811971E-02        83623         8999
    59   0.51266279551955597E-01        83623        69155
    60   0.82238907398949988E-02        84647         1715
    61  -0.90110602375479427E-02        83623        66095
    62  -0.15145954816280692E-01       165543         1703
    63   0.51048071191570612E-02        86823         1703
    64  -0.87124966999592365E-02        85667          695
    65  -0.91715371216041786E-02        83623         1835
    66   0.24421582409148532E-01        83623        22147
    67   0.11574819456295651E-01        82615        67111
    68   0.57660463960700391E-02       107175         1703
    69  -0.62650415912345724E-02       150183         1703
    70  -0.22414956332618075E-01        87715         3747
    71  -0.85113174749668515E-02        51079         1703
    72  -0.10549690145306937E-01        83623         4775
    73   0.92620501607771771E-02        91813         5795
    74  -0.24462313829478676E-01        83623        71203
    75   0.18564094640808243E-01        67303        34439
    76  -0.55109568536642261E-02        82615       132647
    77  -0.83191261291816442E-02        83655         4775
    78   0.94541528354350202E-02        84651         1703
    79  -0.91164966630564743E-02        87591        67235
    80  -0.58402295982752615E-02       216611         1703
    81   0.60251478160916090E-02        83669         1703
    82  -0.81263057930753366E-02        83655         2727
    83   0.15437450372204613E-01        83751         1707
    84   0.70028640903788894E-02       116359         9893
    85  -0.57267440689320985E-02        85669          695
    86  -0.51284007987011722E-01        83623        20099
    87   0.89590088285597998E-02        83623        17039
    88  -0.93915327673246389E-02       120451         1703
    89   0.53954178184456771E-02        83623         1721
    90   0.10339065575603519E-01        69347         1703
    91  -0.91702281801479147E-02        83623         1739
    92   0.10553216246958617E-01       149159         1717
    93   0.50859182500763668E-02        86727         1703
    94   0.85120807797825597E-02        87687        18083
    95  -0.21751899742109292E-01       214567        67111
    96  -0.10334258933781282E-01        83659         1703
    97   0.11662441273158979E-01       149163         1703
    98   0.95071922503056697E-02        85669         5797
    99   0.59556247244494280E-02        83623         1845
   100  -0.11812474837629393E-01        83783         1703
   101  -0.17595189606008033E-01       100007         1831
   102   0.57534334933651444E-02       156327         1703
   103  -0.63564490831267816E-02        83623        75301
   104  -0.76942020536800828E-02        18151        67207
   105   0.13077288916974286E-01        83623        17047
   106   0.14863435659127995E-01        83623        69157
   107   0.56358019319649091E-02        83623        22149
   108  -0.14771088526471479E-01       116359        67111
   109   0.64168720564182326E-02        69349         1703
   110   0.59355484236565123E-02        83623         4807
   111   0.11602572643510091E-01       214567         3749
   112  -0.75062600516174992E-02        86695         1735
   113  -0.62980929680283041E-02        90823         1703
   114   0.55099830629136053E-02        82615        34439
   115   0.59819698481709390E-02        83623         1749
   116   0.11027012377733209E-01        90791         1735
   117   0.94348433006089701E-02        82607        34439
   118  -0.11153239888948983E-01        83637         1831
   119  -0.21399294904668593E-01        83627         1707
   120  -0.70952319738793032E-02        83503        66215
   121   0.72416876934433203E-02        82855        67237
   122  -0.13983920598794117E-01        85639         3719
   123   0.67048850059825017E-02        83623       148999
   124  -0.10218401731101801E-01        85667          687
   125  -0.13965764616582372E-01        85543         3623
   126  -0.66181706577533150E-02       100021         1703
   127   0.11659014683865062E-01       100011         1703
   128   0.82730410572187055E-02        83635         2727
   129  -0.79735474599246202E-02        82615         3747
   130  -0.23987023643241939E-01       100007         1735
   131  -0.11378905292935382E-01        83751         1717
   132  -0.26277928771983802E-01        83655         1735
   133  -0.15770137039170476E-01        83627         4775
   134  -0.59891266118088657E-02        83629         1831
   135   0.12721015991428199E-01        67303       132647
   136  -0.81663459949987971E-02        83751         2727
   137  -0.60748282155313237E-02       101031         1703
   138   0.51336225018369592E-02        83623        36485
   139  -0.10174262495055221E-01        20387         1703
   140  -0.29541322179129109E-01        87715         5795
   141  -0.22010366756687601E-01       116359        18055
   142   0.15437653332167581E-01        83655         1707
   143  -0.11378058294708782E-01        83655         1717
   144  -0.69694741649534578E-02        82615         3749
   145  -0.11148344829410182E-01        83637         1735
   146  -0.83072643695111074E-02        91813         3747
   147   0.79368783442309906E-02       214567         3747
   148  -0.13049044667716400E-01        83623        66103
   149   0.19273386721016760E-01        83751         1735
   150  -0.55016488966793198E-02        83655         1709
   151   0.13592914619007959E-01        67303          687
   152   0.69481611503632431E-02        83623       136739
   153  -0.61138226253185336E-02        83627         1717
   154  -0.56801680476296001E-02        82607         3749
   155  -0.60006280193867041E-02        83629         1735
   156  -0.24123680577447324E-01       149159         1831
   157   0.16090285258768017E-01        82607        67111
   158   0.10596074602988862E-01       149159         2727
   159  -0.14459671067047561E-01       214567       132647
   160   0.81638956446594239E-02       100007         4775
   161  -0.76130495031990651E-02        84647         1735
   162  -0.38964928847793213E-01        67303        18055
   163   0.14228646235396242E-01       116359         5795
   164  -0.14218633471878394E-01       214567         5795
   165  -0.26182837665682097E-01        83751         1831
   166   0.54623142728964990E-02        83641         1703
   167  -0.54768410953715159E-02        83623        20227
   168  -0.58750431091409063E-02        83627         1709
   169  -0.94290975983830523E-02        82607       132647
   170  -0.10201767121253161E-01       149159         8871
   171  -0.75339292185005995E-02        87717         3747
   172  -0.83508977626193005E-02        83751         4775
   173   0.10398092467273121E-01        83655         8871
   174  -0.79652940969209517E-02       116359         3747
   175   0.16065182263835232E-01        87715         3749
   176   0.54663141940546932E-02        83623        69187
   177  -0.33048673548912479E-01        87715        18055
   178  -0.19554929086227531E-01        18343         5795
   179   0.22595512870913072E-01        20135        66215
   180  -0.55003644581032903E-02        83751         1709
   181   0.12719840902489597E-01        18343        34439
   182   0.19276807821115325E-01        87715          687
   183   0.62162624999763626E-02        87715          695
   184   0.14791950259301681E-01        83627         1735
   185  -0.58429920923662544E-02        89761         1703
   186  -0.90457226285810509E-02        67303        85507
   187  -0.16394041936712234E-01        82607        18055
   188  -0.13898312766716091E-01        67303         3747
   189  -0.21281337462528870E-01        84647         2727
   190   0.51953969202410567E-02        86695         1703
   191  -0.10342170519157919E-01        91813        18055
   192  -0.54623844681609994E-02        83623         8903
   193   0.14781366078545110E-01        83627         1831
   194  -0.11522005034732906E-01       116359         3749
   195  -0.22831367317548149E-01        85669         3749
   196   0.70761565914588074E-02        91813        34439
   197  -0.17181189231202765E-01        85669         3747
   198   0.19283158668918544E-01        83655         1831
   199   0.54898831143753574E-02       149159         1709
   200   0.64407667027587016E-02        84647         1717
   201  -0.68760366725317398E-02        90791         1717
   202   0.11766682082663630E-01        87715        34439
   203  -0.67170958092998218E-02        18095        67235
   204  -0.25073378417747299E-01        18343        18055
   205   0.82265487561315881E-02       149159         4775
   206  -0.10330980011465195E-01        83755         1703
   207   0.90147007133761243E-02        83627         8871
   208  -0.60352000807362451E-01        85667        67111
   209   0.10062507195075260E-01       214567        34439
   210  -0.54742825720105331E-02        85669          687
   211   0.68748734797548046E-02        87715        67143
   212   0.19565739639499789E-01        67303         5795
   213  -0.10589996181690639E-01        83635         1703
   214   0.60537134611129495E-02        18103        67237
   215   0.60189244338118468E-02        85667       132647
   216   0.10058722438939941E-01       116359       132647
   217  -0.16531301031095073E-01       149159         1707
   218   0.18170931761334181E-01        85667        85507
   219   0.26015846139841928E-01        85669        18055
   220   0.92265494151764927E-02        85669         9893
   221   0.54879275301626942E-02       100007         1709
   222   0.10540819031611007E-01        85669       132647
   223  -0.61899462394396833E-02        83637         1707
   224   0.97440706668870287E-02        87715        85507
   225   0.58133234227201189E-02        83629         1707
   226   0.85924104742665010E-02        87715         9893
   227  -0.11698091919183308E-01        86695         4775
   228  -0.86106417885333884E-02        18343         9893
   229  -0.13658514781709215E-01        18343          687
   230  -0.14795604392753649E-01       214567        18055
   231  -0.77586210944902024E-02        85667        85509
   232   0.66013271220565347E-02        67303        87555
   233   0.18580132360780949E-01        18343       132647
   234  -0.58982940812554530E-02        91813         9893
   235  -0.11585572398587518E-01        82615        18055
   236   0.90637147185840990E-02        18343        85507
   237  -0.68661592935915037E-02        87715        18183
   238   0.21192678940092070E-01        85667         3749
   239   0.65650230970151153E-02        67303          695
   240  -0.81133221400329150E-02        85667        67143
   241  -0.81796230836693479E-02        85667         9893
   242   0.93951399262852658E-02        90791         1707
   243   0.14101741627851773E-01        85669         5795
   244   0.86249564725357601E-02        67303         9893
   245   0.89137126150987973E-02        85543        67235
   246  -0.39327132904612962E-01        18343        67111
   247   0.58403224399829531E-02        83637         2727
   248  -0.70089677155929769E-02       214567         9893
   249   0.59693637463190292E-01        85667        18055
   250   0.56001247571034899E-02        91811         3749
   251   0.68856031532521511E-02        82615         5795
   252   0.56187420402924399E-02       149287         1703
   253  -0.52383145968814444E-02        86695         2727
   254  -0.14627830225391472E-01        86695         1707
   255   0.55416652966043135E-02        67303        67143
   256  -0.58897341530501548E-02       115367        17063
   257   0.72030270248559739E-02        87715        87555
   258  -0.10055668387333124E-01        91813         3749
   259  -0.60325493655738020E-02        85667        34439
   260   0.55717847123447541E-02        18343        18183
   261  -0.10091855298367633E-01       214567          687
   262  -0.25054848717721540E-01        67303        67111
   263  -0.11746781182859951E-01        87715       132647
   264  -0.62486407022589157E-02        87717        18055
   265  -0.48135202408125591E-01        85667         3747
   266  -0.98398724567548921E-02        87717         3749
   267   0.51668878725572437E-02        86695         8871
   268   0.56161347049882527E-02       100039         1703
   269   0.10391556374794509E-01        91813        67111
   270   0.81166210088682439E-02        85667        18183
   271  -0.72129410457066360E-02        85667        68135
   272  -0.14477923262152579E-01        85639        18085
   273  -0.15130016791983558E-01        67303         3749
   274   0.57230438056213315E-02        85669         9891
   275  -0.63461082019199751E-02        83637         8871
   276  -0.57617307465176529E-02        66287         1703
   277  -0.14451937846808345E-01       116359        34439
   278  -0.95070344041506064E-02        85667        87555
   279   0.24619008348474948E-01        85667         5795
   280   0.54851074453959791E-02        18095        67237
   281  -0.65240277628055678E-02        18343          695
   282   0.17648456211847720E-01        82607         5795
   283   0.13927990382387411E-01        18343         3747
   284   0.15077380908162815E-01        18343         3749
   285  -0.52858929208655691E-02       214693        67237
   286  -0.75565652389287816E-02        85667         5797
   287   0.71643048060528397E-02        85667        19079
   288  -0.56349891557314225E-02       213671        66215
   289  -0.59421313904796658E-02        85639        18083
   290  -0.70527830231049476E-02        91813       132647
   291  -0.52082211015429007E-02        87717         5797
   292  -0.66115004625238371E-02        18343        87555
   293   0.56144051341463115E-02        22183         1955
   294   0.66646395151362548E-02        18095          935
   295  -0.56190675087173982E-02        71335         1763
   296   0.10451116184724094E-01        83751         8871
   297  -0.57902815129595997E-02        90791         4775
   298   0.52060753597587524E-02        69347        20099
   299  -0.63173602521408830E-02        67247          743
   300  -0.50601881222976488E-02        84651        83463
   301  -0.53912364855391061E-02        75431         1687
   302   0.50450793758021360E-02        84647         4775
   303  -0.63743249131798284E-02        90791         8871
   304  -0.63960512283102490E-02        83877        66215
   305  -0.69671291835628211E-02        82663        18085
   306   0.52252971588286493E-02        20387        69155
   307   0.60589114308040480E-02        83685        17063
   308   0.77835155503634046E-02        83599        17063
   309  -0.57015256997589919E-02        82855          935
   310   0.13297847101894760E-01        85543        67237
   311   0.58167699550556980E-02        67255        18085
