     1  -0.95567506665447843E+00        83623         1703
     2   0.70946380276394633E-01        18343        67111
     3   0.10148191630256466E-01        83623         1709
     4  -0.13015768514071144E-01        18103        67237
     5  -0.13871480739736142E-01        83623         1747
     6   0.54229809101691952E-02        26279        66215
     7  -0.20942341719700892E-01        83623         1715
     8   0.16255336603361453E-01        83623         4775
     9  -0.80806720896743033E-02        18103        67235
    10   0.10391288543623403E-01        83623        71205
    11   0.71016093790585336E-01        67303        18055
    12   0.54363443833191681E-02        75431        17063
    13   0.28276684548766872E-01       100007         1707
    14   0.65403341989789376E-02        87591        67237
    15  -0.12453224739537697E-01        83623         2727
    16  -0.12604093334599241E-01        82615        34439
    17   0.28269617454099564E-01        85667         9893
    18  -0.99125118321636094E-02        18103          935
    19   0.27731999047665368E-01        67303        67111
    20  -0.65138740615903667E-02        71335         1763
    21   0.15917343270279338E-01        67247        18083
    22   0.13808590510432574E-01        28323        67237
    23  -0.13011415300056976E-01        67255        18085
    24   0.54786815575157306E-02        83623         1735
    25   0.30123483077878627E-01        87715         5795
    26   0.11616950192723933E-01        34479        67235
    27   0.15281807918063586E-02        71319         1703
    28   0.49805476519423717E-02        71335        83493
    29  -0.57731668926176205E-01        20135        66215
    30  -0.13844447513915411E-01        83623         1843
    31   0.13328422920155847E-01        83623         4781
    32  -0.12738477667040815E-01         3815        82567
    33   0.26392268739508125E-01        83655         1735
    34   0.45306989796458468E-01        85667         5797
    35  -0.14821154194237617E-01        83623         1837
    36  -0.70664581703019083E-02        18095        67237
    37   0.36929542863898886E-01        18151        67207
    38   0.72481232836925933E-02        26167         1703
    39   0.12345106757102415E-01         2023         1703
    40   0.12608259616475504E-01        82615       132647
    41   0.30205863454039347E-01       149159         1831
    42  -0.30175798031194700E-01         5807        82595
    43   0.36980576536620798E-01        67495        17959
    44   0.55529204846656013E-02        83623         1831
    45  -0.80822654829243359E-02        67255        18083
    46   0.79808116888585752E-02        69287         1763
    47   0.10006824119016251E-01        67495        34343
    48  -0.33021613818694409E-01        21167        67235
    49  -0.10397384953682641E-01        83623        22149
    50  -0.24440803064727571E-01        83623         4779
    51  -0.72251019086158842E-02        91783        34467
    52   0.32652750327976092E-01        87687        34467
    53  -0.40038576367857653E-01        85543        67237
    54   0.32620671276818593E-01        83623         8999
    55  -0.10992964193145952E-01        86695         8871
    56   0.16588587215013773E-01       149159        69157
    57  -0.70673455246313757E-02        67247        18085
    58   0.42452366070824685E-01        87591        67235
    59   0.50354277987296088E-01        83623         1739
    60  -0.66186790293229977E-01        82607         5795
    61  -0.19955671801976861E-01        83623        99847
    62   0.12896251845326634E-01        91687        67237
    63   0.61588973717488699E-01        20135        83587
    64   0.19550938900083213E-01       214567        18055
    65  -0.17465446808352940E-02        18343         9891
    66   0.27733715962525607E-01        82607       132647
    67   0.31889996771405062E-01        83623       134693
    68   0.83610770572278195E-02        83623        38533
    69   0.31531396096973030E-01       149159         1735
    70  -0.16343443997660120E-01        18095        67269
    71   0.28271706910356189E-02        83623        50849
    72   0.26480549253549909E-01       100007        22147
    73   0.65004176573028195E-02        22183         1955
    74   0.46046461081061816E-02       198247         1703
    75   0.20683106496530309E-02        83875         1957
    76  -0.16211886035109244E-01       100007        20099
    77  -0.42457390060472153E-01        83623       136739
    78  -0.13041264507225753E-01         4007        82471
    79   0.60156360220152937E-01        83623         1863
    80  -0.39801575058920700E-01        22183       198179
    81  -0.14755967054278183E-01        83623         1741
    82   0.94115917607610778E-02        18103         9767
    83  -0.32955990891321951E-01        87591       132771
    84  -0.71590135472562660E-02        67247         9863
    85   0.15028372838303496E-01       165543         1703
    86  -0.58441544353132008E-01        83623        22147
    87  -0.80560393937796782E-02        20135         1955
    88   0.42249286107124709E-01        83623        38531
    89  -0.41115695540354949E-01        83623        69157
    90  -0.20889997832068217E-01        18343        34439
    91  -0.16976238848583465E-01        83623         2855
    92   0.13830020123573001E-01       132839        18055
    93  -0.87853131431094335E-02        34727        18055
    94  -0.48412601635481915E-02        83511       131751
    95  -0.16290130876510538E-01        67303       132647
    96  -0.57706594470386077E-01        69287        17063
    97   0.22109629570526649E-01       214567        67111
    98   0.14623288805904825E-01        82855       132773
    99  -0.94155770121358180E-02       100007         1715
   100  -0.15874682781184566E-01        83623        26245
   101   0.31559475458285670E-01        67495        25127
   102  -0.25124307309115846E-01        87715         9893
   103  -0.17550696270992254E-01       100007        83463
   104   0.41295482432402171E-01        83623        20101
   105   0.15913956944802250E-01        18095        67235
   106  -0.41822489304859994E-02       132839        67111
   107   0.11594699461089271E+00        83623        20099
   108   0.69828474987172224E-02        67247        34467
   109  -0.72468004997291334E-02        75415         1703
   110   0.16096350852089869E-02       116263        34343
   111   0.50486009853416461E-01        83623         1835
   112   0.15945055938551288E-01        50855       198151
   113   0.35093511966933113E-02        20023         1703
   114  -0.12480828932115712E-01       214567        34439
   115  -0.55702910333454460E-02        18095         3623
   116   0.67239826156002876E-02       149159        99847
   117  -0.16854627721988921E-01        18231        67237
   118  -0.94167957013359619E-02       149159         1715
   119   0.78862304153124105E-02        83511         1591
   120  -0.16966564012375548E-01       149159         1717
   121   0.58233646031672220E-01        83623        71203
   122   0.44101181024688962E-01        83623         7841
   123   0.28358697382692515E-01         2023        83463
   124  -0.48304015377849405E-02        83623         2733
   125   0.30290032024827176E-01        67495        17991
   126  -0.34392462572535136E-01        83623         1845
   127   0.57845397692936461E-02        91813         9893
   128  -0.21849562731236220E-01        83623         2731
   129  -0.20650560057826110E-01        82663         5767
   130  -0.13902449190065155E-01         6055        82471
   131   0.61910228534845730E-02        18151        82597
   132  -0.26464928683726730E-01        83623         4903
   133   0.76485877368640837E-02        82855        67235
   134  -0.20107893335871402E-01        18095          935
   135   0.24342029499046798E-01        82615        18055
   136  -0.25605406408801129E-01        82607        67111
   137   0.13047672330437996E-01        82663        18085
   138   0.35530799731959889E-02        67495        82595
   139  -0.19013190654068198E-01        17327         1703
   140  -0.21876220089014537E-01        69287        83493
   141   0.19003039772578518E-01        66287         1703
   142   0.25511801668400426E-01        67303         3747
   143  -0.12722147202156522E-01        67303         9893
   144   0.18177325135669390E-01        83623         2739
   145  -0.16198812792642191E-01       100007         2727
   146  -0.12706078751548605E-01        67303        34439
   147   0.23001461318581953E-01        85669         3749
   148   0.72051826062767884E-02        91687       132771
   149   0.43214930019210510E-02        67255         3719
   150   0.60266558315162687E-02       115367        17063
   151   0.32585327964272270E-01        83623         8903
   152  -0.12977172173635990E-01        82855        67237
   153  -0.18887152770521099E-01       116263        67207
   154   0.52283155459334806E-02       116389        18085
   155  -0.94010734656631151E-02        67255         9863
   156   0.24644140387116781E-01        24227        67237
   157   0.21858382941855738E-01        18279        67207
   158   0.31576202237557000E-01       100007         1831
   159  -0.70290812969056413E-01        85543        67235
   160   0.56158248546933969E-02        18107        67237
   161   0.11864558460082711E-01        83627         1717
   162   0.78876379096427286E-02        83607         1687
   163   0.34045893613201261E-01        82615         3747
   164   0.16033143038142715E-02       214663       132743
   165   0.10047171953821887E-01        18151       132743
   166  -0.20695472773281768E-01        82855         5671
   167  -0.10371339498931950E-01        67247        82471
   168   0.97859976352085761E-02        67255          743
   169  -0.10346987817255272E-01       198311        26149
   170  -0.20446041480514092E-01        26279       198181
   171   0.15904175054896139E-01        83623        75301
   172  -0.19791537265505959E-01        83623       140837
   173  -0.20173752155125343E-01        75431       149029
   174  -0.10526792577507115E-01       157223        67237
   175  -0.12629858077838394E-01        22183        75425
   176   0.20253995004918383E-02        83683         1765
   177   0.12521359749682581E+00        83623        83463
   178   0.14665166648156577E-01        82607         3747
   179   0.11924398409731873E-01         3815        67235
   180  -0.16835459977050233E-01        83623         2759
   181  -0.28876346418570376E-02        77447        18055
   182  -0.65782674537508742E-02         4007        18085
   183  -0.34415130029312867E-01        83623         1749
   184  -0.79533081976556202E-02       149159         1709
   185   0.45564573474681071E-02       115367        33447
   186  -0.17528459403204483E-01        83623         8885
   187   0.26765821117850177E-02         3759        82595
   188  -0.61061608869732380E-01        69287        83491
   189  -0.49232101342993155E-02        85639         9863
   190   0.25173349634812679E-01        82615         3749
   191  -0.51367938711465730E-02        83623        66469
   192   0.40031624735556905E-02        83599         1679
   193  -0.25905087305379739E-01        82663         3719
   194  -0.31763279749454289E-01        83607         1765
   195   0.55950287679573472E-02        67247         3719
   196  -0.35537209987202018E-02       149159       148999
   197  -0.46454909254190414E-01        67247        21155
   198  -0.74237613056644513E-02        18151        67219
   199  -0.26531168734787329E-01        83623         4807
   200  -0.16904196819539953E-01       100007         1717
   201   0.56749240027549747E-02        18343         5797
   202   0.38769278697038764E-01        83599         1763
   203  -0.32349077741578913E-01        22183        83587
   204   0.94279350988690728E-02        75431        83493
   205   0.70755261327366453E-01        85639        18083
   206   0.17596692805078126E-01        26279        66247
   207   0.33078529466972965E-02         2023        20099
   208  -0.75327969131099024E-02        83623         8883
   209   0.43145949726349983E-01        20135        71329
   210   0.14523136964058657E-01       197295        17959
   211   0.32374041863151286E-01        71335        83491
   212  -0.51247790246378398E-02        18103       132771
   213  -0.73579605036602604E-02        67495        17971
   214  -0.18934680183816440E-01        85669         5797
   215  -0.93680250062155700E-02        21415        67111
   216  -0.31733654533399797E-01        83511         1957
   217  -0.23512021527561874E-01       198311        22051
   218  -0.45718660951585442E-02        87715         5797
   219   0.23312302935802327E-02         2023        99847
   220   0.14120419233617631E-01       214567       132647
   221   0.25839649971761091E-01        18151        67211
   222  -0.17843936737299837E-01        83503         1957
   223  -0.32808597105506591E-01        67303         5795
   224   0.23510679247467333E-02        83629         1717
   225   0.19981216172859053E-01        67375        18083
   226  -0.12861720365987570E-01        91783        18085
   227   0.75122249609028951E-02        83623         4789
   228  -0.15286831377028141E-02        22071         1703
   229  -0.79800450794982151E-02       100007         1709
   230   0.75968559442073941E-02       197543        18085
   231   0.22734325111505100E-01        22183        69281
   232   0.19711167806704720E-02        87715         5827
   233   0.13788010372228246E-01        34727        67111
   234  -0.58822324090739052E-02        67255        18089
   235   0.14109430699856663E-01       116359        34439
   236   0.21976390198533039E-01        20135        83589
   237   0.19300426797969957E-02        87715         5923
   238  -0.14854302565852702E-02        34727        67115
   239  -0.17550549744197955E-01        82615         5795
   240  -0.26591331771955609E-02        28295        67207
   241  -0.29362338030785732E-02         2023        69155
   242   0.94456038530185728E-02        83637         1717
   243  -0.23606382295720302E-02        82607        67143
   244   0.27438195532784710E-02        22183         1957
   245   0.45160874002225369E-01        67247        18115
   246   0.58220618435561651E-01        67303        18183
   247   0.11577152626882154E-01        18343       197285
   248   0.31986418134644416E-01        85543       132773
   249  -0.71773613240449898E-02        18103        70307
   250  -0.14918207067252699E-02        82615        19079
   251  -0.13913961603787266E-02        67431        67111
   252  -0.11033834097270169E-01        83623         1721
   253  -0.16325253045333943E-01        67247        18213
   254   0.22137276080051820E-01       116359        18055
   255   0.17868325564449707E-02        85667         5829
   256  -0.53008882029298363E-02        83623        99851
   257   0.56200072407590115E-02        67259        18085
   258  -0.31939455669809463E-01        85639        34469
   259   0.12436125847190078E-01        19127        67237
   260   0.16920434688295231E-01        85543       132771
   261   0.25608016397823511E-01        18103        68259
   262  -0.23101411238134896E-01        67495        21031
   263   0.10466707900604954E-01        18095        82567
   264  -0.22057755661781669E-01        83623        36483
   265  -0.28679178244500653E-02        67431        18183
   266   0.57478663269383444E-02        82855          935
   267   0.28521573318906019E-02        71395        20101
   268  -0.17495481629148204E-02        83783        83463
   269   0.38445697402635176E-01        22183        99971
   270   0.54585276874204811E-02        34535        67207
   271   0.17736769393007092E-01        18103        68261
   272   0.28152925066568715E-02        18103       197159
   273   0.14073263734639956E-01        83607        17063
   274  -0.16369880564768729E-02        20387        26245
   275  -0.33492673120582780E-01        18103        67365
   276  -0.23087805858148062E-01        18151        70279
   277   0.13813856207504883E-02       198247        99847
   278  -0.39694314477673664E-02        38567        66215
   279  -0.26190344873868857E-01        82855         3623
   280   0.40272106695053642E-01        85639        18085
   281   0.36788405158390508E-02        18103        70309
   282   0.10953943972865018E-01        82607         5797
   283   0.15260449728337868E-01       100007         8871
   284   0.18444460220984299E-02        83629         1709
   285  -0.46609240651082073E-02        50855         1927
   286  -0.87060242676224014E-02        18343        67123
   287   0.19831359727129883E-02        83623        99859
   288  -0.51265585953869678E-02        67255        34467
   289   0.27950499839859951E-02       214693       132773
   290   0.25565421916980514E-01        82607        18055
   291  -0.21561902502148927E-01        18151        68231
   292  -0.87807575905281231E-02        70327        18083
   293  -0.71783488651775860E-02        67255        21155
   294  -0.11061656230245309E-01        71335        17067
   295   0.17640074261096979E-01        75431        17191
   296   0.19173216909102214E-01       100007       148999
   297   0.52045282438934651E-01        18151        67335
   298  -0.16342257358651401E-02        34727        67143
   299   0.30202587537903190E-01       100007         1735
   300   0.45259651630494058E-01        18095        67363
   301   0.65062411950163939E-02       148151        67111
   302  -0.23689602856557129E-02       198311         1927
   303   0.15272315290230161E-01       149159         8871
   304   0.17424919613913477E-02       214567        67143
   305  -0.21913034935908144E-02       100007        83477
   306  -0.12704223532873177E-01        18343       132647
   307  -0.19102241142883590E-02        75431         1763
   308   0.28746076715914053E-02        83875         1955
   309  -0.42517821779691031E-01        87687        18083
   310   0.12436003574050515E-01        68279        18085
   311   0.61025649283277320E-02       213671        66215
   312  -0.16914530426953797E-02       102051         5795
   313   0.16567200038763795E-02        17327        99847
   314  -0.17572046079835264E-01        67303        87555
   315  -0.11513903623617899E-01        22183        66247
   316  -0.25548505974389325E-02        34479        67237
   317   0.19769736257922194E-01        83623        42629
   318   0.64961196937281807E-02       197303        17959
   319   0.43085553725392488E-01        69287        22177
   320  -0.11114447731327671E-02       149191         1735
   321  -0.23219147247659746E-01        18343        70183
   322  -0.97099410297237405E-02        84647         4775
   323  -0.27642257897826606E-02        20389        69157
   324  -0.20507851851006273E-01        82615         9893
   325  -0.16474627639288773E-01       100007        20101
   326   0.17578979128971675E-01        75431        17095
   327   0.34606954871823012E-02        71335        17077
   328   0.21786639705182416E-01        83627         1707
   329  -0.36104293164857153E-02       100007        99847
   330   0.32163191006714643E-01        20135       198181
   331  -0.12640680995914288E-01        71335        26273
   332  -0.13516075469514416E-01        50855        69251
   333  -0.11742404600779044E-01        22183        66343
   334   0.11900580637889719E-01        86695         4775
   335   0.33276380462887570E-01        18343        67143
   336   0.23503435839239925E-02        67303        68139
   337   0.12358678673506276E-01       116263       132743
   338   0.13502950329130037E-01         1775        66215
   339   0.45561004680663769E-02       165543        83463
   340   0.31474215904791422E-02        18343        91653
   341   0.55137683117373855E-02       133031        17959
   342  -0.82345658067600348E-02        85543        68259
   343  -0.42331852258771334E-02       100039        83463
   344  -0.23498779967283615E-02        71335        22177
   345  -0.24233456293068945E-01        82615        67111
   346  -0.88082669311209238E-02        83635         1717
   347  -0.46453031435995010E-01        18095        70307
   348   0.24750880890600639E-02       100135        83463
   349  -0.55514110800292732E-02        85639         5767
   350  -0.37800860711649634E-01        85667         3749
   351   0.22773549022971568E-02       118403        20101
   352   0.26856858671845240E-01        67303        18059
   353   0.24956713611926124E-02        99991        17063
   354  -0.42139460589040358E-02        51079        83463
   355   0.20403390751025968E-01        75431        50821
   356  -0.12787051911131357E-01        30371        67237
   357   0.20118150386165427E-01        18223        67235
   358  -0.29618866776986844E-02        22435        71203
   359   0.60140463864777408E-02        18095        67241
   360  -0.87681211622154219E-02        18103        67267
   361   0.12363002286433604E-01        83627         1709
   362  -0.65563461057822070E-02        49847        67207
   363  -0.11918506960548310E-01        71367        83491
   364   0.32179601971854318E-02        17327        71203
   365   0.34617670316854001E-02        22183        66229
   366   0.24365618848190846E-02         3759        67207
   367  -0.36543118772575803E-02         9903        67207
   368  -0.91197530327696771E-02        52871        67235
   369   0.78352038680101696E-02       148391        67237
   370  -0.16746792375366560E-02        83655        36483
   371  -0.36437442593158127E-02        83751        83463
   372   0.19051440329618053E-02        26279         1955
   373  -0.21274872653658295E-02       165543         1863
   374   0.31587531068220362E-01        67303        25223
   375   0.15304788361878378E-01        25319        67207
   376   0.23311118660353854E-01        50855        71299
   377   0.21481881183888643E-02       149159        90631
   378   0.24644977190316789E-01        73379        18085
   379   0.10053323338523079E-01        59015        67237
   380   0.34041772215319560E-02        91811         9891
   381  -0.55484592565932644E-02        72359        17063
   382   0.26413843841351935E-01        83751         1831
   383   0.26606587256123214E-01        83623         8875
   384  -0.16225524484923363E-01       149159         2727
   385  -0.55461614826145767E-02        23207        66215
   386   0.14038568569660849E-02        18343        34567
   387   0.15937546668172210E-02       100039        22147
   388   0.27433062319393354E-02       116389        34469
   389   0.25976593885292760E-02       116387        34467
   390   0.17785921858839544E-01       151079        67237
   391   0.35210741153552669E-02       198311        50695
   392   0.25934604149388030E-01        67495        17963
   393  -0.33559918461038542E-01        18103        67269
   394  -0.38321792163120466E-02        75407         1703
   395  -0.35145643292699962E-02        69271         1703
   396  -0.15209872709033746E-01        69287        20129
   397  -0.17456751039416071E-01        18343        67125
   398   0.16795119356784220E-02       116359        18183
   399  -0.89062795134606659E-02        67375        18085
   400  -0.14382032701213019E-01        49839        67207
   401  -0.14040807457918001E-01        83511        66215
   402   0.12955045566638264E-01        82607         3749
   403  -0.26518667142467166E-02       149287         1831
   404   0.18834949440935738E-02       100007        20227
   405   0.48922182736641454E-02       116359        85509
   406  -0.93233117058472079E-02        70567        17959
   407  -0.53473260023554087E-02         5815        82595
   408  -0.23620932351524557E-02        87715         6819
   409   0.21482364064617204E-01         9959        82567
   410  -0.17833395775691641E-01        83599         1765
   411  -0.31834760418724295E-01        83623        36485
   412  -0.47524495869970245E-02        67303        67143
   413   0.18146598530567527E-01        83623       165383
   414   0.14266158665864786E-01        75431        17067
   415   0.27682979781924348E-01        18343        18055
   416   0.26749118295247734E-02        22435        20101
   417  -0.12547779580839479E-01       100007         4775
   418  -0.90184713521513984E-02        69287        17067
   419  -0.93326993752081422E-02        70375        18055
   420   0.82090821557997944E-02        20135        84611
   421  -0.18730313902701422E-01        67255        25253
   422  -0.11501281615690169E-01        71335        17191
   423   0.71563492970231719E-02        18095         9767
   424  -0.11668713547938903E-01        18343        85509
   425   0.26347507498775992E-02         2023        20101
   426  -0.16796831115478923E-01        85639        34467
   427  -0.63918866165834981E-02        87623        67235
   428   0.55816273794832248E-02       140967        17063
   429  -0.97709159798281577E-02        73381        18085
   430  -0.32100572077609288E-01        20135        99973
   431  -0.17573146449873785E-01        52871        67237
   432   0.20578684844677745E-02        87715        73249
   433  -0.25503540783826401E-01        18343         3747
   434  -0.41217822814727054E-02        85667        91653
   435   0.48328088399935782E-02        83607        33447
   436   0.31613424605355871E-01        18151        74375
   437  -0.13855210032715593E-02        18375        18055
   438  -0.19037373921707726E-02       132839        18183
   439   0.12670380988854207E-01        18343         9893
   440  -0.89196491505609283E-02        20135        66343
   441  -0.25856536983800979E-02       149047        66215
   442   0.53083001780840269E-02       214693        67237
   443   0.15477739256609642E-01        25511        67111
   444  -0.27977086288387878E-02        51079        69155
   445   0.29505477000512446E-01        82663         9863
   446   0.17181832106463540E-01         3767        82595
   447  -0.22918099812932049E-01        18343         3749
   448  -0.57054259464817169E-02        18095         5671
   449  -0.60009371463586808E-02        29351        66215
   450  -0.93080146388535463E-02        21223        67207
   451   0.55855290523103293E-02        83599         1687
   452  -0.32102289104731653E-01        69287        50821
   453   0.27492544465015863E-01        67247        25251
   454  -0.12284317201421176E-01        71271        83587
   455   0.28306873372393841E-01       149159         1707
   456  -0.85685536060495001E-02        87715         9891
   457   0.20133765287355700E-01        67247          743
   458   0.75907601723009628E-02        82607          695
   459  -0.23176712994450463E-02        22183        71329
   460   0.25611327203857809E-01        67255        19107
   461  -0.17838449028519422E-02       149191         1863
   462   0.25304130490194067E-01        67303        85507
   463   0.23315089997829204E-02       132791        82471
   464   0.13677406088644685E-02        71395        38531
   465  -0.65967271153274370E-02        17327        83463
   466  -0.47901667616588081E-01        85667         5795
   467   0.29546975659805515E-01        82855         9767
   468   0.41991938708099115E-02        91783         9863
   469   0.17724487979830215E-02       100007        23171
   470   0.60169049417307264E-02        67247        18089
   471  -0.43622723109242190E-02        79523        18083
   472  -0.87834209172371527E-02        21175        67235
   473  -0.15316893715607424E-02        82607        19083
   474  -0.15147017985027820E-01        20135        69281
   475   0.28825075717625933E-02        83683         1763
   476  -0.13546390805050511E-02        69349        69157
   477  -0.35068727747220750E-02        20387        20099
   478   0.17740402056298614E-01        67255        19109
   479  -0.38619573006984466E-01        71335       149027
   480   0.25209391636785311E-02         2023       148999
   481  -0.23189446020137013E-01        67303        21127
   482   0.19993147246610129E-02        83623         4787
   483   0.48848920164851935E-01        85667         3747
   484   0.30925344849337751E-02        69347        69157
   485   0.26850469708782788E-01        18343        67115
   486   0.46761371082386207E-02        83635        69155
   487  -0.22534443502602733E-02       247303        83463
   488  -0.91430191888173633E-02        20135        66219
   489  -0.31918562285273996E-02        18103        98951
   490  -0.20832591012017978E-01        20135        99971
   491  -0.63611916041734651E-02        20263        83589
   492   0.11226375117457521E-01        83623         2741
   493   0.12963123784593024E-01         6055        18083
   494   0.20198540966436386E-02        50839        66215
   495  -0.50668329689440676E-02       134823        17063
   496  -0.26314122184551130E-02       100039         1735
   497   0.21510246933105572E-01        10151        82471
   498  -0.11050380600090599E-01        22183        66219
   499  -0.17788843674121930E-02       100135         1863
   500  -0.46880869280021588E-02       132791        18083
   501   0.26299909697335058E-02        83623        90631
   502  -0.71101910855941230E-02        20359        83493
   503   0.71075621107947878E-02        83655        69155
   504   0.17784078267349197E-01        54919        67235
   505  -0.18741823074471836E-01        18103        74405
   506  -0.49574793862038370E-02        22183        83589
   507  -0.12798382732209226E-01        79523        18085
   508   0.67862466749450583E-02        68271        18085
   509  -0.44014509747857646E-02        83627         1715
   510   0.26686213961694683E-02        69347        22147
   511   0.24998973009347544E-01        67431        18055
   512  -0.35490224497657938E-02        83847        20003
   513   0.32142319879628913E-02        66287        22147
   514  -0.34037783397990961E-02         2023        22147
   515   0.78821938365221788E-02        85667        87555
   516  -0.19735885734324367E-01        91687       132773
   517  -0.17019873164924749E-02        83655       148999
   518   0.69877504488683019E-02        18095       132771
   519   0.55862367350681180E-02        83503         1591
   520  -0.56267756641597269E-02        83623        89601
   521   0.19814450789701777E-01       104071        18083
   522  -0.28945193116914664E-02        83623        83475
   523  -0.67239010647655003E-02       132791        18085
   524  -0.15873600077009823E-02        82855        82567
   525  -0.31671100135312810E-02        22063         1703
   526   0.14267088476288218E-01        26279        66219
   527   0.25512272934937442E-02       214663        67207
   528  -0.21589307426233963E-01        73379        18083
   529   0.37578710686990932E-02       214567        18183
   530  -0.17673158124958413E-01       102023        18085
   531  -0.17532753225324833E-01        18151        67221
   532   0.31287677617156764E-02        67255       148007
   533   0.57842464298925814E-02        69347        20101
   534  -0.10374997154596709E-01        25271        67237
   535  -0.87401132827988875E-02        69287        17095
   536  -0.17645170249679385E-02       100039         1863
   537  -0.14175877440446358E-01        98991        18055
   538  -0.16960754359070878E-02        18343       153091
   539   0.19708721473532496E-01        91783        34469
   540  -0.14790870080612613E-02        83847        50695
   541  -0.44460534282672126E-02        67303        91653
   542  -0.53034273003470132E-02        85667         5923
   543   0.17535839479582323E-02        82607        91653
   544  -0.37183527771772417E-02        84647         8871
   545  -0.85640585733665966E-02        13991        83617
   546   0.49196581272903071E-02        20387        69157
   547   0.26237817631259170E-02        69223         1955
   548  -0.37108114086323303E-02        83655        83463
   549   0.17123907364357609E-02        67303       103939
   550  -0.59179394349276248E-02        83655        99847
   551   0.18163967404199481E-02        83623        66467
   552   0.30390706257728266E-01         7847        83617
   553   0.12459978291107709E-01        67303        85509
   554   0.65936729961191395E-02         3815        67237
   555  -0.27590043076253262E-01        82607        34439
   556   0.19928331888064584E-01        18127        67235
   557   0.39564281983108743E-02        83877         1957
   558  -0.86419226394544857E-02        87715        85507
   559   0.50976207143353372E-02        87717         5797
   560  -0.16752574940010513E-01        50855        69253
   561   0.21981957602086877E-02        83635        20101
   562   0.39792293460287819E-02        83751        69155
   563   0.26483961705816065E-02        83623        71235
   564  -0.21985298877838923E-02        85667         3781
   565   0.10454448521068855E-01       108167        18085
   566   0.44997135511567241E-01        18095        67267
   567  -0.13005374018298512E-01         5863        67235
   568  -0.83286964362365174E-02        83623       136741
   569  -0.16649216404155190E-01        36519        83587
   570   0.54123983324844849E-02        67247        19109
   571  -0.13202556646445289E-02       100039         1739
   572   0.36770360232837550E-02        67255        21157
   573   0.85128293260889228E-02        69223        83589
   574  -0.17604135478227614E-01        67495        17973
   575  -0.18215374119303941E-01        18343        85507
   576  -0.34848743972461745E-02        69347        69155
   577   0.13821471912270537E-01        85639         3719
   578  -0.12930483721480771E-01        67255        82471
   579   0.17404865501429275E-01        19127        67235
   580   0.39832128177057211E-01        71335        50819
   581  -0.87317717154064903E-02        67303        18067
   582  -0.61979512937798921E-02        87715        87555
   583   0.20183455797324560E-02        17327        22147
   584  -0.67112619496124213E-02         1783        83587
   585   0.13010275925231709E-01        82607          687
   586   0.20061426016734593E-01        67279        18083
   587  -0.15008326075290202E-01        82607         9893
   588   0.38316024243757589E-02        26159         1703
   589   0.19212476026753233E-02        84651        20101
   590  -0.58840199368934967E-02        18103        67241
   591  -0.21645949481987055E-02        18343        19079
   592  -0.28900853858582032E-02        85667         6819
   593  -0.25172595678352202E-02        27303        66215
   594   0.23415797031631244E-02       216611        20101
   595  -0.11092663619073320E-02       100135         1831
   596   0.50315960227916463E-02        83559        69253
   597  -0.21400086039913366E-01        69287        50819
   598   0.10974505808842717E-01        68271        18083
   599   0.20110765365317054E-01        26279        99973
   600   0.26962152311503381E-02        18079        67207
   601   0.14499431432775808E-02        83623       149013
   602  -0.12678178157721452E-02       118405        20101
   603   0.55618735171781251E-02         9911        17959
   604   0.31728247836791085E-02        20387        20101
   605   0.42976217058518810E-02        10151        18085
   606  -0.23925390191579551E-02        82607        82447
   607  -0.19368240493688176E-01        85669         9893
   608  -0.24789966912171927E-02        84647        83463
   609   0.17412337645364899E-02        83655        84487
   610  -0.91268268000565325E-02        17335         1703
   611  -0.21579173811459391E-02        17335        83463
   612   0.56767946849602558E-02        85639        18211
   613   0.24876044192149770E-02         5815        82597
   614   0.46088250230500710E-02       213671       131751
   615   0.12846002405896889E-02        85795         5923
   616   0.19623059217045553E-02        69263         1703
   617  -0.13348199690223412E-02       198247        69157
   618  -0.65512877193781710E-02        98999        18055
   619  -0.24138312740748908E-02        83627        36483
   620  -0.11536674200932341E+00        83623        69155
   621   0.10558630021164538E-01       100007        26245
   622  -0.93507167360722121E-02        84647        69155
   623   0.75090735192749518E-02        85575        67235
   624  -0.21247007526906600E-02        83751        90631
   625  -0.18726689281302643E-02        86695        86535
   626  -0.22096155678921559E-02        67303        68135
   627  -0.16972611983342815E-02        66287       148999
   628  -0.20894551283645131E-02        91813        85509
   629  -0.15295098428710894E-02       198247       148999
   630   0.62945699185280330E-02        90791         8871
   631   0.86717318740659379E-02        83623        20227
   632  -0.94715493046506807E-02        26279        83589
   633  -0.12565045362651225E-01       149159         4775
   634   0.52935615890335221E-02       100007        22149
   635   0.39292119816559555E-02        83685         1765
   636  -0.98969406026968628E-02        83623        22275
   637   0.22100942115687544E-02        20263        69281
   638  -0.19256368283806259E-02        83511        83587
   639  -0.15954376278182786E-02        85667        77345
   640   0.11991400295500158E-01         3767        82597
   641   0.18920461420339802E-02       149159        83463
   642   0.17658090500928991E-01        26279        66343
   643  -0.15164317593227075E-02        83655        71235
   644   0.83011527590742124E-02        85639        19107
   645   0.30018272476688576E-01         1775        83587
   646  -0.25890695930481252E-02       132783        18085
   647   0.71585696803645286E-02        83623        23171
   648   0.67350561643665860E-02        19119        67237
   649  -0.46962516676804685E-02        67495        67207
   650  -0.33850629158160800E-02        18103       132773
   651   0.19381254661194269E-02        85667         3875
   652   0.19370107630019427E-02       214567        19083
   653  -0.86337431748587014E-02        67255        18115
   654   0.41720965031342757E-02        66239        17063
   655  -0.93194627991199184E-02        26279        66229
   656  -0.13950712171658815E-02       165543        69155
   657  -0.17653955900376100E-02       149287         1863
   658   0.25178948120343487E-02        83751        69187
   659   0.22401998514179206E-01        84647         2727
   660   0.51958243615789265E-02        83623        17125
   661  -0.22722725550149538E-02        69347        26245
   662  -0.23240815465296319E-02        85667         3877
   663  -0.16952730634282990E-01        85667        85507
   664   0.58332935021136127E-02        86695        20099
   665  -0.47110812461289286E-02        34487        67235
   666  -0.65075930470661139E-02        87687        18085
   667   0.19311171011307910E-02        85667         3779
   668  -0.66696922635829936E-02        34487        67237
   669  -0.16213389399792714E-02       151203         3875
   670   0.18526799651773138E-02        83623        84499
   671   0.54896058732559830E-02        18095        68261
   672   0.17362300890006307E-02        67303         9891
   673   0.14931059350352745E-01        85667        85509
   674  -0.60777787678991547E-02        67495        82597
   675   0.13987532638028207E-02        51079       148999
   676  -0.28599706672206167E-02        67255        49799
   677   0.36513084399724034E-02         9903        17959
   678  -0.27591478344146342E-02       198247        22147
   679  -0.21607867727415801E-01        24227        67235
   680  -0.31035301572286136E-02       116295        67207
   681   0.13005122219742914E-01        18103        82567
   682   0.70654615712859633E-02        20135        66229
   683   0.10934532688468222E-01        19119        67235
   684   0.19542913385833015E-02        82607         3875
   685  -0.15142472583849593E-02        51079        99847
   686  -0.27304269887869765E-02        24199        67207
   687  -0.21440734848687261E-02        51079        69157
   688   0.36063418407658370E-02        83635         1715
   689  -0.14463358634309479E-01        18095        98951
   690   0.26818862179588798E-02        87687         5767
   691  -0.18000362983695178E-02        85699         3779
   692  -0.47001710811738666E-02        18151        17959
   693  -0.13887782605621533E-01         5863        82567
   694   0.25548447977472972E-02       116263        17959
   695   0.22742890179770422E-01        71335        20129
   696   0.45942979196579546E-02        50855        71301
   697   0.18434899390622980E-02       149159        20099
   698   0.11796297354044515E-01        11943        83617
   699   0.18059099591160412E-02        85667         5809
   700  -0.14955913060474522E-02       132839        18059
   701  -0.22217339184603677E-02       149159        83477
   702  -0.14968881859471349E-02       149159        23171
   703  -0.30925798338377708E-02        83655        83467
   704  -0.12819822641084300E-01         9911        82597
   705  -0.44031801915885779E-02         9959        67237
   706   0.10273213638796184E-01        18343        87555
   707  -0.17548815937787120E-02        85795         3875
   708   0.76787892069959873E-02        83623       132005
   709  -0.28060823333801231E-02        67303        24193
   710   0.12481782004626566E-02        91687        67235
   711   0.14483571747911537E-02        67303       132679
   712  -0.43251105623576726E-02        18103         3623
   713   0.13820332955920613E-01        85543         3623
   714  -0.53541185227127582E-02        85667         5827
   715   0.15416863295592638E-02        83623        20105
   716   0.40054298389224450E-02        83503         1583
   717   0.13807017143509796E-01        77475        18085
   718  -0.70957144896729657E-02        83623        84487
   719   0.77380020344115742E-02        87717         9893
   720  -0.19196092468191730E-02        83607        83491
   721  -0.55619022616621560E-02         9911        67207
   722  -0.10653520160231359E-01       102023        18083
   723   0.43658552139731665E-02        83655        69187
   724   0.26672413428787257E-02        85575        67267
   725  -0.72903432562611541E-02        67495        17965
   726  -0.13467915584605954E-01         1967        17063
   727  -0.81688614240147551E-02        69287        84515
   728   0.13782133320379173E-01        42663        83589
   729   0.45641296168634051E-02        18343         3875
   730   0.31588507111024795E-01        18343        74279
   731   0.28916678852056444E-01        38567        83587
   732   0.46785790272050390E-02        87687        19107
   733   0.23162368899462683E-02       198247        20099
   734   0.16787666344804232E-02        83751       134691
   735  -0.96943859030129385E-02        67247        25253
   736  -0.12383275686623071E-02        83683        83493
   737  -0.90800578046079695E-02        82855       132771
   738  -0.17854679220998314E-02        73379        18211
   739  -0.21835897106378548E-01        67495        18983
   740   0.52084422210003384E-02        22311        83587
   741   0.86337556758149994E-02        20135        66227
   742  -0.58528720357858355E-02        20387        69155
   743  -0.35884574911998583E-02       213551        83463
   744  -0.13870230580502052E-01       140967        83493
   745  -0.38239636825489671E-02        20135        83717
   746   0.20856923109516465E-02       198247        20101
   747  -0.15155139186640431E-02        83623        69187
   748  -0.17930107913433802E-01       202279        18083
   749   0.14478667451138163E-02        82615        68135
   750  -0.23819436515252223E-02        83623        86535
   751  -0.11738820170631619E-01        71335        17095
   752   0.14523647638648601E-02       214567       101891
   753   0.11279972615179669E-01        67495       148133
   754  -0.22357188071947809E-01        36519        83589
   755   0.46843030061054482E-01        83559         1927
   756  -0.10084338733385731E-01       206375        18085
   757   0.28619040343429557E-02        20387        22147
   758  -0.17900391464422407E-02       151203         5795
   759  -0.71011553043715770E-02        83655        71203
   760   0.26974244280653162E-02        67135        17959
   761   0.31340878599319805E-02       100007        83467
   762  -0.14359108908530806E-02        69319         1765
   763   0.46696698032474135E-02        83623        83467
   764   0.17420386480471875E-02        83751        86535
   765  -0.24244691112411767E-02        34487        82567
   766  -0.22695505085625579E-02        20387        75301
   767  -0.60535309968149618E-02         1975        17063
   768   0.25010594081061690E-02       149191        83463
   769  -0.76238125909751202E-02        82615        85507
   770  -0.64851425464270340E-02        87591        18307
   771  -0.40380814365339650E-02        83655        20099
   772  -0.69601230759270081E-02        87687        18211
   773  -0.14597737015732411E-02        82607        82455
   774   0.38826307283338839E-02        85667         9891
   775  -0.16690970660404234E-02       165543         1739
   776   0.44555646054154846E-02        18151        34343
   777   0.23949353459170202E-02        18343        19083
   778   0.17421165455774356E-02        83751        84487
   779   0.33097483317070979E-02        67303         3875
   780   0.41428663132302042E-02        84651        69155
   781   0.29957414507958851E-02        20263         1955
   782  -0.18511562110778809E-02        82615        67143
   783  -0.69693217345898513E-02        85667        87557
   784  -0.45639000055198867E-02        67303         3779
   785   0.18249192731385814E-01        20135        75425
   786  -0.10723246710659299E-01        20359        83491
   787   0.32416640942816710E-02        87715        91653
   788   0.38853181155502403E-01        83503         1955
   789   0.51022176340884242E-02        26279       198179
   790  -0.33511382800816711E-01        67255        18213
   791  -0.13021598745237316E-02       101031         4775
   792   0.21998032777053793E-02       216611        69157
   793  -0.59227761934648911E-02        69347        20099
   794   0.30600330476604561E-02        67303        19083
   795  -0.30929225483144226E-02        69319         1763
   796   0.26306424869720259E-02        50791         1703
   797  -0.35503125455454538E-02        18319        82471
   798  -0.47958487999136198E-02        18343        18183
   799  -0.28688480659869145E-02        18375        67143
   800  -0.14503585804400590E-02        83751        71235
   801  -0.38745274117220029E-02        83607         1763
   802  -0.17880345920795585E-02        86699        22147
   803   0.41587570084219878E-02         3759        82597
   804  -0.22892152069655669E-02        83751       148999
   805   0.40966058316774323E-02        22183        84611
   806  -0.44019337745113468E-02        18103        67249
   807  -0.31522877518724173E-02        18343         5923
   808   0.10731621917721984E-01        83559        69251
   809   0.18140167327100377E-02        83751        69157
   810   0.11585055965577655E-01       132783        18083
   811  -0.26481950971037997E-02       216611        20099
   812  -0.13046937447935651E-02        83503        66215
   813   0.21864074180486643E-02        90791        83467
   814  -0.13274065262880187E-02        68327        19079
   815  -0.13785673921099125E-02        66287        17039
   816  -0.27586798260282111E-02        73351        18055
   817  -0.16585782149886057E-02       165543         1835
   818  -0.37026065647196836E-02        83847        20005
   819   0.18247648850456617E-01        69287        26273
   820  -0.16042064414192459E-02        67527        17991
   821  -0.13763733410286827E-02        17327        66095
   822   0.14291825173689137E-02        83623        99861
   823  -0.19502229421000244E-02        67303       101891
   824  -0.48719299518723870E-02       214567        85509
   825   0.21552347613879108E-02        82615        87555
   826  -0.12982368366178871E-02       150183         4775
   827   0.20885615459429957E-02        90791        99847
   828   0.53037158716008606E-02       214567        87555
   829  -0.10034400691321641E-01         1775        83589
   830   0.13764496681357536E-02        89635        71329
   831   0.46586762444566663E-02        75431       149027
   832   0.70548159365679585E-02        22183        99973
   833   0.17675612575873167E-02        85543        67363
   834   0.16670636584167225E-02        18343        87557
   835   0.26913066209894696E-02        20387        71203
   836  -0.18271895181021698E-02         4007        67171
   837  -0.16191335515604390E-01        67247        18117
   838  -0.11892897610967727E-01         4007        18083
   839  -0.12355239155045222E-01        19175        67207
   840   0.57057583213639788E-02        67247         5767
   841  -0.48296434766925836E-02        83627        22147
   842  -0.18113526294164944E-02        83751        20101
   843  -0.50677581136946035E-02        36519        66215
   844  -0.20462132711380264E-02        69539        20003
   845   0.27423464504696582E-02       118279        83589
   846  -0.13687178672037693E-02       149191         1739
   847   0.24474120891555687E-02         4007        18211
   848  -0.32671304539498998E-02        71395        20099
   849   0.14977333337285082E-02        83751        22275
   850  -0.11050074394134118E-02       100011         1707
   851   0.21380003269882339E-02       100007        90631
   852  -0.25167411782197066E-02        76455        17063
   853   0.21234162004451305E-02        18343       101891
   854   0.11946611267549955E-01        18095        70309
   855   0.26719510472578700E-02        83559         1639
   856  -0.30946248929536674E-02        83751        83467
   857  -0.79079726370347367E-02        25263        67237
   858  -0.46382988007750928E-02        83635        20099
   859   0.88286945268815191E-02       116359        85507
   860  -0.93206926672075203E-02        75431        17077
   861   0.16070735832300866E-01        69319        83491
   862   0.39284425675696127E-02        30373        67237
   863  -0.95060077128591679E-02        82607        85507
   864   0.22464913977199193E-01       134823        83493
   865   0.52250479550982739E-02        22407        83491
   866  -0.17981627884377099E-02        84647        84487
   867  -0.16555244276634670E-01        18135        67237
   868  -0.47473310861261050E-02        71335        83523
   869  -0.55390208156122752E-02        83623       132003
   870  -0.18872470635418414E-02       218659        22147
   871   0.17408761027026182E-01        68279        18083
   872  -0.40294496306777635E-02       136871        17063
   873  -0.16200785874598372E-01        18095        67365
   874   0.20778423095267934E-02        69415        83491
   875   0.10300727439039269E-01        50855        75397
   876   0.22609221162798276E-02        22183        66215
   877  -0.17591393461880230E-02       100007        69155
   878   0.78851900016246052E-02       133031        82597
   879   0.18085449895797672E-01        69223        83587
   880   0.94500323785062911E-02        83623        11937
   881  -0.18505876934120312E-02       120451        22147
   882  -0.55521816372041547E-02        85543         5671
   883   0.22711490838359218E-02        83655        83477
   884  -0.32638445748967410E-02       149159        20227
   885   0.61416954607307773E-02        22183        66221
   886   0.16302816461381902E-02        85639       116229
   887  -0.26617000463977390E-01       149159        71203
   888  -0.14694028931722439E-02        85667        24193
   889  -0.22704264089972244E-02        84647        20101
   890  -0.66953097215058065E-02        67303        18061
   891  -0.72714345766181094E-02        18151        67213
   892  -0.11109000329496950E-02        91813        91653
   893  -0.16580717508032298E-02        18279        67335
   894  -0.10028602737302279E-01         1967        83493
   895   0.32244947585140572E-02        82615        18183
   896   0.18172862588133158E-02       214567        68139
   897   0.27491673696426744E-01        18095        74403
   898  -0.89098047005417482E-02        20135        66247
   899   0.41632085194968794E-02       149159        66469
   900   0.19028713366351648E-02        18343       151043
   901  -0.33501814312032032E-02        67255        34469
   902  -0.12572062166437345E-02       149191        20099
   903  -0.15388477071882679E-02        87715        77345
   904   0.15387183796277443E-02        82607        68139
   905   0.17119822154362985E-02        85543        82571
   906  -0.21269937792621372E-02       198199        17063
   907   0.70719952484723158E-02        69287        17077
   908  -0.82771766453359104E-02        67279        18085
   909   0.21454120931451047E-02         4067        85507
   910  -0.12630799847997688E-01        68519        17959
   911   0.23858144591539943E-02        83511        17287
   912   0.21069890760825480E-01        69287       149027
   913  -0.15379870764550062E-02       214567       151043
   914  -0.48474100917259315E-02        84631        83491
   915  -0.29272368112442629E-02        83627        83467
   916   0.17682336297636370E-01       200231        18085
   917   0.22200824959278748E-01        83623       134691
   918  -0.68123263232274401E-02        18343        67117
   919  -0.82863942121985442E-02        18223        67237
   920   0.32165146725238680E-01        69287       149029
   921   0.21511272897814935E-01        20135       198179
   922  -0.39680182586578922E-02        83607        84515
   923   0.15337921660595777E-01        74663        17959
   924  -0.24893253312447627E-02        20135        83715
   925   0.17222939347682278E-02         4007        85537
   926  -0.86417891479056274E-02        18103        67363
   927  -0.20340092473058440E-02        87715        24193
   928  -0.10649025665224939E-01       149159        75301
   929  -0.96947312893254731E-02        18095        74405
   930  -0.71476023356863609E-02        83623        72227
   931  -0.15211271741897370E-02        83783         1863
   932   0.27536703483086321E-02         6055        18085
   933   0.26905456234885584E-02        83635        22147
   934   0.23091680030063260E-02        34535        17959
   935  -0.25176838782370865E-02       118403        20099
   936   0.16207663693101594E-01       149159        69155
   937   0.94018236296169178E-02        84647        20099
   938  -0.29470509271593186E-02         5807        17959
   939   0.86396582762506488E-02        85543        85633
   940  -0.19189515200160425E-02        18327        82471
   941  -0.49272044994441424E-02        85543         9767
   942   0.19548612350011691E-02        69319        20129
   943   0.45100710947796774E-01        67247        18211
   944  -0.48416977215811991E-02        84535        83587
   945   0.14161882180515806E-01        25263        67235
   946   0.69093209442677396E-02        87715        85509
   947  -0.22852072096520549E-02        83635        69157
   948  -0.26354111607204368E-02        82615        85509
   949  -0.19174708337051749E-02        75431        17069
   950  -0.22118109038714594E-01         1975        83493
   951   0.27273279391475691E-02        82615          695
   952   0.86349897562986704E-02        69287        17075
   953   0.40434722397866378E-02       198311        17317
   954   0.26802802508899895E-01        82607         9891
   955  -0.10332917595994707E-01        77477        18085
   956  -0.14530710793907436E-02        67307        18059
   957  -0.73753580323858035E-02        18343       197283
   958  -0.17332615605925750E-02       100007        86535
   959   0.41689625437543610E-02        17087        66215
   960  -0.35292369205385506E-02        85527        82595
   961  -0.33022674567753027E-01        70319        18083
   962  -0.42961967608495175E-02        83751        20227
   963  -0.44002716005181021E-02        67255        18097
   964   0.35825234475660873E-02        83623        84491
   965   0.25450942894007611E-02        17983        67111
   966   0.23297209670167158E-02       100007        71203
   967  -0.10327305906995921E-01        28325        67237
   968   0.22524263019188177E-02        71335        17063
   969  -0.17393880138170746E-01        67303        18069
   970  -0.41743019676550993E-02       198247        83463
   971   0.15266371084753398E-02        85667        73249
   972  -0.25604389059341436E-02        83655        20227
   973  -0.10374353094294663E-01        74423        18085
   974   0.20264373294163378E-02        67495       132743
   975  -0.91344212253513211E-02        69287        17191
   976   0.39290503894756339E-02        79525        18085
   977  -0.23430224747119431E-02        69349        20101
   978  -0.21122779116751977E-02       100007        36483
   979  -0.21416310284074688E-02        67259        18083
   980  -0.97683756451830452E-02        24229        67237
   981   0.18370281368548208E-02        71395        26245
   982  -0.60001549593783690E-02        78503        17063
   983   0.12703732794141338E-01        82607        87555
   984  -0.24135926978669862E-01        18343        68135
   985   0.13849190312939703E-02       104099        85507
   986   0.22465610967602541E-02       218631        83491
   987  -0.76072914257320125E-02        82663        18083
   988  -0.21137425326782822E-02       149159        36483
   989  -0.74726487774552045E-02        85543        87681
   990   0.25878553689706713E-02         3815        85633
   991   0.20400325963392139E-02        67431         3747
   992   0.29471803798273113E-02         5807        67207
   993  -0.21184989405036289E-02        83655        90631
   994  -0.23175969599512425E-02        73379        18115
   995  -0.17621454666343324E-02        84659        20099
   996  -0.43622726487351389E-02        30371        67235
   997  -0.23165923135859121E-02        24227        67363
   998   0.13709603493065001E-01       198311        20003
   999   0.14325323097703735E-01       148143        67111
  1000  -0.76485338405588273E-02        83559        71299
  1001  -0.14124252055472870E-01        67247        49799
  1002   0.28022149952622597E-02       102051        85507
  1003   0.27851018598465693E-02        83623       134723
  1004   0.65828631843171332E-02        86575        83587
  1005   0.67088656024490434E-02        83503        86659
  1006  -0.45986382354314854E-02        85669        85509
  1007  -0.87619738316804356E-02        20263        83587
  1008   0.16803542653293705E-01       198311        20005
  1009   0.17217212959645515E-02        84659        69155
  1010  -0.26431000381431486E-02        85767        18211
  1011   0.17111503412229224E-02        67431        18059
  1012  -0.87093250226618017E-02       214567        85507
  1013   0.18760729117362368E-02        82743        18055
  1014   0.17234869202525484E-02       100007        69187
  1015  -0.14491112172866970E-02        83559       198151
  1016   0.15419571538464254E-02        85667        88579
  1017   0.28256954834120942E-02        83623       198305
  1018   0.34201248474300897E-02         2023        71203
  1019   0.29484682023987810E-02       216611        22147
  1020   0.32709216577657484E-01        18343         5795
  1021  -0.89168737260173318E-02        18127        67237
  1022  -0.28529554857913086E-02        87691        18083
  1023   0.19616871539733542E-02        83623       149011
  1024  -0.14734754791355146E-02        67303         3781
  1025   0.56038502261293657E-02        42663        66215
  1026  -0.56688750829302272E-02        67303         5797
  1027  -0.27338245042427224E-02        73255        17959
  1028   0.52479320404568552E-02        21167        67237
  1029   0.15373124666801111E-01        74471        18055
  1030  -0.27155131961702282E-02        83635        71203
  1031  -0.12853035448590808E-02       151203         3779
  1032   0.30076572832812690E-01         1967        83491
  1033  -0.21318503639525190E-02       100007        84487
  1034  -0.11005275045857738E-02         6115         5795
  1035   0.19372836256497680E-02       214567        91653
  1036  -0.73909172122707759E-02        67495       148131
  1037   0.14391356106005393E-01        18095       197159
  1038   0.19915227174041143E-02        85669        91653
  1039   0.28009862897871926E-02        51079        71203
  1040  -0.21964891218027023E-02        22435        20099
  1041   0.72423229464763355E-02        85543        18307
  1042  -0.57414223598107380E-02        86695        69155
  1043   0.22931097899312348E-01        67303         3749
  1044  -0.17742952181451213E-02       149159        86535
  1045  -0.13338258937322792E-02        20389        20101
  1046  -0.15044317830621870E-02        83623        69161
  1047   0.18221784105377161E-02        85669        87557
  1048   0.11946077767762447E-01        67247        21157
  1049  -0.12772922587674690E-02       216613        69157
  1050   0.14466925303837515E-02        83655        22275
  1051  -0.23912418651529762E-01        67303        19079
  1052  -0.28063709553828317E-02       216583        83493
  1053  -0.29012329386564274E-01       136871        83491
  1054   0.13482206718897286E-02         4067         5795
  1055  -0.27500450324906083E-02        71335         1765
  1056   0.13973300280704514E-02        87715        87557
  1057  -0.27368753770898504E-02         5863        67237
  1058   0.11089706979954389E-02        20387        20227
  1059  -0.23242962099677099E-02        22311         1955
  1060   0.47130295084509746E-02       118279        83587
  1061   0.65749962963014552E-02        66287        83463
  1062  -0.19874398427512645E-01       153127        67235
  1063  -0.46554705350554063E-02       216583        83491
  1064   0.21865414498558398E-02        84647        69157
  1065  -0.14205527226797317E-02       100039        20101
  1066   0.65590034929475863E-02        86671        83491
  1067   0.28826651605226485E-02       118403        22147
  1068   0.29951055976995917E-02       149159        83467
  1069  -0.46698340139062272E-02        87591        68259
  1070   0.30858323411510164E-02        18343        68139
  1071   0.40776837105819079E-02        75431        20129
  1072   0.14554563422203271E-02         2023        38531
  1073  -0.22755408829877978E-02        69319        22177
  1074  -0.16368539877587298E-02       102051         3779
  1075  -0.21765561334212138E-02        20167        83587
  1076  -0.24431973786179792E-02        20263        83715
  1077   0.27369929222669266E-02        85667       101891
  1078  -0.46531789485998168E-02       197543        18083
  1079  -0.44903156250910422E-02        18095        82695
  1080  -0.23188708348413438E-02        22183        83715
  1081   0.61411369885707176E-02        71335        17069
  1082  -0.16501184402184031E-01        67383        18085
  1083   0.59600805960239702E-02         1783        66215
  1084   0.23490171910762574E-02        69299        83491
  1085  -0.22964232733370211E-02        22435        22147
  1086  -0.23364157339175332E-02        20147        83587
  1087  -0.52673388936846271E-02        83623       149003
  1088  -0.38726132930942394E-02        75431        17075
  1089   0.15468317850207247E-02        86707        69155
  1090  -0.38733963870647690E-02        26279        66227
  1091  -0.13612902378642041E-02        68327        67111
  1092  -0.17748936327552721E-02        24227        67267
  1093  -0.48293949306222319E-02       148391        67235
  1094  -0.17966291233561618E-02       198247        69155
  1095   0.31665799627904516E-02        71311         1703
  1096  -0.33531892013912774E-01        67255        18117
  1097   0.18967643374997879E-01         9903        82595
  1098   0.40879473680612470E-02        26279        69281
  1099   0.14173654949292242E-02       100007        72227
  1100   0.20682103433842603E-02        90791       148999
  1101   0.31297861667811963E-02        67303         5827
  1102  -0.40224994384823456E-02        71335        84515
  1103  -0.18320452794724272E-02        83655        72227
  1104  -0.13699128753789957E-02       100135         1835
  1105   0.18543668928904218E-02        22435        75301
  1106   0.21992907095594082E-02        83751        83477
  1107   0.18405910885020236E-02        83655        86535
  1108   0.21480928545680521E-02        85555        67235
  1109  -0.28696239647747952E-02        82607        85509
  1110  -0.16067617924823529E-02        68327         3749
  1111  -0.13431191343732894E-02       149163         1835
  1112  -0.13084436750716334E-02        19367        18055
  1113   0.75766700457018821E-02         5807        82597
  1114  -0.16723731024750092E-02        83751        99847
  1115   0.23977825333541120E-02        83751        36483
  1116   0.24595493433419691E-02        69319        83523
  1117  -0.49769671514182682E-02       133031        82595
  1118  -0.22101409193508686E-02        71395        69155
  1119   0.14720845507449065E-02       149287        69157
  1120  -0.52181005256025275E-02       149159        71205
  1121   0.27891957598914670E-02       216611        71203
  1122   0.15042830888612690E-02        83751        72227
  1123  -0.16162709251654138E-02        86695       148999
  1124   0.27343580888082256E-02       206375        18083
  1125  -0.35114872564578196E-02        18151        82595
  1126  -0.14689577604502615E-02        69299        83493
  1127  -0.21535142751691193E-02        83623        86547
  1128  -0.17406943358934039E-02         6055        18211
  1129  -0.18601766318976664E-02        85639        18115
  1130  -0.15606308336304972E-02        86707        20099
  1131  -0.27365465313634800E-02        83503       213511
  1132  -0.25186706495604742E-02       216611        69155
  1133   0.96399946914651462E-02        69287        83523
  1134  -0.13674196441600035E-02        89731        22177
  1135  -0.21411488660011500E-02        18107        67235
  1136   0.43841925766167468E-02        67247        82503
  1137   0.37073488303486102E-02        22435        69157
  1138   0.12711148768933405E-02       100135        69155
  1139  -0.79058893407809670E-02        74415        18085
  1140  -0.27613315043512297E-02        24103        67111
  1141   0.21066679813109357E-02        69291        84515
  1142   0.36493962883563887E-02        67279        82471
  1143  -0.24364639659889432E-02         3759        17959
  1144   0.21089835702757594E-02       149159       134691
  1145   0.48713188282753428E-02        83627        71203
  1146  -0.20163073261754601E-02        69347        22149
  1147  -0.12767171703837006E-02        69541        20005
  1148   0.22697880625004133E-02       118307        69251
  1149   0.23280986915992109E-02        71367         1763
  1150  -0.45728832076079810E-02       198311        22053
  1151  -0.22137249900077191E-01         1783        83589
  1152  -0.32616773287152006E-02        83623         8877
  1153  -0.20972550509883369E-02        20195        69251
  1154  -0.15463408583532116E-02        85639         3809
  1155   0.26823805058284011E-02        87591         5671
  1156  -0.19677309581077186E-02        20015         1703
  1157  -0.23114216447134182E-02        75367        83589
  1158   0.17155891167669210E-02       100007       134691
  1159   0.52463013657954366E-02        70319        18085
  1160  -0.16192267516268394E-02         3815        87681
  1161  -0.38688668152595525E-02        85543       214531
  1162  -0.14173463996979903E-02         2023        26245
  1163  -0.19210263599764414E-02        26279        66221
  1164  -0.12613445888344037E-02         4067         3747
  1165  -0.66763227623661686E-02         9903        82597
  1166   0.40517149793949363E-02        85639       116227
  1167   0.20313780035279162E-02        20263        99971
  1168  -0.87711212476467276E-02        67255        18211
  1169   0.90183062527357961E-02        66295         1703
  1170   0.56807829199258669E-02        82663          743
  1171   0.14160688599777631E-01        74415        18083
  1172   0.66475285913286768E-02        83599        86563
  1173   0.20137528408798607E-02        83623        84493
  1174   0.28521018304969448E-02        83623       140835
  1175   0.28632315155272276E-02        87595        67235
  1176  -0.21056636062552294E-02       149159        84487
  1177  -0.55649152200816301E-02        84527        83587
  1178  -0.16908919491552350E-02        75463        83493
  1179   0.14558013388129430E-02        20147        83589
  1180  -0.21076907949360555E-02       149159        22147
  1181   0.14644884660136701E-01        67247       148007
  1182   0.91735429089965514E-02        82663        34467
  1183   0.25449461906506461E-02        67231        18055
  1184  -0.12523282931253771E-02        90791        86535
  1185  -0.18315412565103452E-02        83623        36611
  1186  -0.12590937102180096E-02        88739         6819
  1187  -0.15917694259554552E-02       149287        71203
  1188  -0.13269696582925391E-02        83627        83469
  1189  -0.70432149966946044E-02        71335       149029
  1190  -0.41084806658657300E-02        84651        20099
  1191  -0.17062879659392532E-02        67303        87557
  1192  -0.17843980911764312E-02        83623        17123
  1193  -0.14506194245988611E-02        18347        67115
  1194   0.23435201792791288E-02        82607        18183
  1195   0.19396894204278272E-02       116359        19083
  1196   0.15273494549969640E-02        87715        28289
  1197  -0.13710374970829897E-01        68327        18055
  1198   0.26421150730328801E-02        71395        69157
  1199  -0.26986402351033070E-02        67287        18083
  1200  -0.37241173486716652E-02        83503        99971
  1201  -0.42448289445000970E-02        18103        74403
  1202  -0.26455361281434320E-02         2023        69157
  1203   0.47992426046091045E-02        91783        85537
  1204  -0.61508584982549568E-02        84623        83491
  1205  -0.15791087777617650E-02        18343        70195
  1206  -0.16833584739108058E-01        67287        18085
  1207   0.55594857079181879E-02        83623        33507
  1208  -0.12056380470424212E-01        82663        34469
  1209  -0.21307701660526601E-02        85651        18083
  1210  -0.39694896655629273E-02        83511        84611
  1211  -0.10786273158816869E-02       149163         1707
  1212  -0.17481398782801293E-02       149159        72227
  1213  -0.14214159291992237E-02        82615         5797
  1214   0.86437077039758781E-02        85639        85537
  1215  -0.32231054783885267E-02        22435        69155
  1216  -0.13083119090748182E-02       149287         1835
  1217   0.18469823707661110E-02       102023        18211
  1218   0.21084138294994496E-02       115343        83463
  1219  -0.14012828749420989E-01        19367        67111
  1220   0.26679317901291823E-02        83847         1927
  1221   0.18892271165026015E-02        69319        17095
  1222  -0.12477984635757421E-02        83875        83589
  1223   0.13923078296518745E-02        87715        10915
  1224  -0.39132908560198798E-02        84647        83467
  1225  -0.49514871645376067E-02        83623        33509
  1226   0.17905087643383798E-02        83751        23171
  1227   0.34530013515097100E-02        67183        82567
  1228   0.41866781659638183E-02        83623        93697
  1229   0.25918813559766989E-02       214691       132771
  1230  -0.72827310219369390E-02        22183       198181
  1231   0.27472204393877465E-02        69347        71203
  1232  -0.24443216635666475E-02       151175        18211
  1233   0.18892997222191945E-02        82607         3779
  1234  -0.22353741604496749E-02        71395        71203
  1235   0.16947027163576683E-02        83635        36483
  1236  -0.42452296885148464E-02        67255        25251
  1237  -0.46569142568118208E-02        26279        99971
  1238  -0.35778247380303303E-02        83599        99875
  1239   0.21239703979466541E-02        66295        83463
  1240  -0.51225122455596907E-02        75431        50819
  1241   0.14106928730345176E-02        69349        26245
  1242   0.12897982285743751E-02        85699         5827
  1243   0.99863672043354040E-02       132783        82471
  1244   0.15969070841091112E-02       115343        22147
  1245  -0.16977013530891220E-02        83635       134691
  1246  -0.59854685238820184E-02        18151        98981
  1247  -0.68417417776314949E-02       116359        87555
  1248   0.47587906450039241E-02        91687        85633
  1249   0.72917158666174313E-02        71335        50821
  1250  -0.73627587246836669E-02        85639        87585
  1251  -0.67380359548352819E-02         1975        83491
  1252  -0.16222747572977913E-02        85543       214533
  1253   0.76218937847588918E-02        69319        83493
  1254   0.16695844404551404E-01       134823        83491
  1255   0.37538278871660402E-02        91811        85509
  1256  -0.18866561879757183E-02        82615         9891
  1257  -0.53088163448920880E-02       136871        83493
  1258   0.14201104651452214E-02        20389        75301
  1259  -0.25688231402729504E-02         3815        67267
  1260   0.50174193528569281E-02        87687        34469
  1261  -0.24779929424607106E-02         9911        82595
  1262   0.35047857107100705E-02        84651        22147
  1263  -0.17683720607437952E-02        83655        20101
  1264  -0.18060057731613490E-02       218659        71203
  1265  -0.28676048722248285E-02        22187        83587
  1266   0.91653282846810274E-02       200231        18083
  1267   0.26024282163533371E-02        85575        67237
  1268   0.37935014053150948E-02        69287        83525
  1269  -0.36888082576996910E-02        49895        67237
  1270   0.16914197269263160E-02        20167        66247
  1271  -0.37757049265233237E-02       120327        83587
  1272   0.75009191348784617E-02        18151        98979
  1273  -0.38557998643783697E-02        83511         1955
  1274  -0.27434861784791909E-02        59015        67235
  1275  -0.26853270606545412E-02       149159        66467
  1276  -0.26203883738130794E-02       198311        17315
  1277  -0.18680202825151068E-02        84651        69157
  1278   0.16709912213879478E-02        51079        20099
  1279  -0.14516600326749125E-02        83655        23171
  1280  -0.20986038137049607E-02        20139        84611
  1281   0.30788569448911636E-02        83655        69157
  1282  -0.20389877964775292E-02       151079        18307
  1283  -0.16279361948680422E-02        69347        75301
  1284  -0.32366417710491362E-02        89607        83617
  1285  -0.12531919783037851E-02        91783        18083
  1286  -0.12371228215870827E-02       102051         3875
  1287  -0.50170906662414709E-02        87591       132773
  1288  -0.34350856811532354E-02        67247       116227
  1289  -0.17272342631272902E-02        87717        85509
  1290   0.23303502704749247E-02        83627       134691
  1291  -0.29196104020408503E-02        71395        22147
  1292  -0.22284846849512686E-02        18135        67235
  1293  -0.27122916142267245E-02        18231        67235
  1294   0.17323086644505793E-02         5863        67267
  1295  -0.16058788780781309E-02        67303        21139
  1296   0.14703996058703481E-02        28323        67235
  1297   0.14694348237747398E-02        77475        18083
  1298  -0.22432889280736925E-02        67383        18083
  1299  -0.14616246919706725E-02       149095         1927
  1300  -0.19354678054232363E-02       116359        91653
  1301   0.74846905985020999E-02        67303        49827
  1302  -0.16158608187948776E-02        20135       149251
  1303  -0.34753014820119881E-02       153127        67237
  1304  -0.13974935694641855E-02        22183       131751
  1305   0.17584472341435210E-02        93703        83617
  1306   0.49937228438510168E-02        99047        18083
  1307   0.15687585016296727E-02        85547        68259
  1308  -0.29130419725635344E-02        87687       116227
  1309  -0.36340947774342407E-02        83599       149027
  1310  -0.39206616527895947E-02        99047        18085
  1311   0.12537383292429895E-02       103975        67235
  1312  -0.34104865012584522E-02        18095       214531
  1313   0.41995542477480403E-02        91687         9767
  1314  -0.14707882998293844E-02        83559        75397
  1315   0.13521455224593723E-02        83599        17063
  1316   0.16132982390337568E-02        85543        67267
  1317  -0.13252472114518138E-02        19367        68135
  1318   0.15457124907317711E-02       116359       101891
  1319  -0.28358941350549193E-02        83623        42627
  1320  -0.28511163917460500E-02       202279        18085
  1321  -0.15022143640291269E-02       116359       151043
  1322  -0.15536123969022903E-02        85643        19107
  1323   0.48177683332565240E-02        49895        67235
  1324  -0.34453410767228947E-02        83503       149123
  1325  -0.62673583203276349E-02        67303        49829
  1326   0.15863810635499914E-02        85667        28289
  1327  -0.15631647183509893E-02        86695        99847
  1328   0.15263462253483553E-02        82607       101891
  1329   0.15691076738435594E-02        83623        38659
  1330   0.28823162383933036E-02        71339        83491
  1331  -0.14347847900916604E-02        83635        26245
  1332  -0.97827364698997252E-02        34479        82567
  1333  -0.14587156175372969E-02       100007        83469
  1334  -0.28705997105023975E-02       108167        18083
  1335   0.28418625326921635E-02       157223        67235
  1336   0.13422128016459737E-02        22435       136739
  1337  -0.36824723411664016E-02        18223        82567
  1338  -0.18805979699935322E-02       214543        82471
  1339   0.19143753654097611E-02        20263        66343
  1340  -0.20421205472930023E-02        18343         3779
  1341   0.53407628185734605E-02        38567        83589
  1342   0.20744970735581195E-02       140967        83491
  1343   0.17407703179769106E-02        69415        17191
  1344   0.15963549418290517E-02       213551        71203
  1345   0.15989041732981501E-02        19367         3749
  1346  -0.12461327948481873E-02        82607        19079
  1347  -0.15957134949067370E-02        82663        82471
  1348   0.34888197721588748E-02       104071        18085
  1349  -0.20918987495163084E-02        42663        83587
  1350   0.20201572573524508E-02        66287        71203
  1351   0.38569365746236504E-02        87567        82595
  1352  -0.28906118077715874E-02        28199        67111
  1353  -0.35083203869281164E-02        84651        71203
  1354   0.16417546361532412E-02        83623        86539
  1355  -0.13811238943516571E-02        71335        33447
  1356   0.51193960719580073E-02        34535        82595
  1357   0.17912631016879235E-02        20195        69253
  1358   0.14648062900953203E-02        85543        82573
  1359  -0.17173743684657701E-02        84623        83493
  1360   0.27293443577465341E-02       100007        17123
  1361   0.17088501870239073E-02        83599        83493
  1362  -0.16846128361157023E-02        17327        69157
  1363   0.10598791551584826E-01       151079        67235
  1364  -0.14289541299116713E-02        83637        83477
  1365   0.28662747769050909E-02        54919        67237
  1366  -0.26603352908730680E-02        77351        17959
  1367  -0.17806546400455469E-02         4067        87555
  1368   0.15414861745660659E-02        67303        19085
  1369   0.16244937862968322E-02        83503        83589
  1370   0.26653445803496863E-02        50855        66275
  1371   0.13790807869133923E-02        84659        20101
  1372   0.13399828464340322E-02        51079        20101
  1373  -0.14521570388185963E-02         2023       136739
  1374  -0.14760558441895197E-02        84651         2731
  1375   0.14102972371643381E-02         4039        18083
  1376   0.17961906398358703E-02        86699        71203
  1377   0.17906298536603203E-02       198247        71203
