     1  -0.96594265939027446E+00        83623         1703
     2   0.64795697904000929E-01        18343        67111
     3  -0.17827615919736479E-01        18343        34439
     4   0.69217945105070552E-01        67303        18055
     5  -0.58422411581749448E-01        20135        66215
     6  -0.18175879515921485E-01        67303       132647
     7   0.11593177585407436E-01         2023         1703
     8   0.32549102116710291E-01        18151        67207
     9  -0.30724132150271592E-01        82607         5795
    10  -0.23480815069208762E-01        82607        67111
    11  -0.24603974242409791E-01        83623        99847
    12   0.27952886089530872E-01       149159         1831
    13   0.25686633294333305E-01       116359        18055
    14  -0.21543225779684590E-01        83623         2731
    15  -0.58438695659301869E-01        69287        17063
    16   0.15122876015570576E-01        85667         9893
    17   0.13870046662143455E-01       165543         1703
    18   0.19982559694659591E-01        83623         7841
    19   0.14909610685741525E-01       149159         8871
    20  -0.43545068542853768E-01        83623        69157
    21  -0.13708238867921232E-01        85669         5797
    22  -0.21438147644606463E-01        18343         3749
    23   0.30312813078491232E-01        67495        17959
    24   0.10755908463879112E+00        83623        83463
    25   0.58466972544799357E-01        83623         1863
    26   0.42993179221433420E-01        83623        20101
    27   0.22750732719684742E-01       214567        18055
    28  -0.36304615527539663E-01        85667         5795
    29  -0.27129896574888023E-01        82615        67111
    30   0.21603855312179517E-01       149159         1707
    31   0.25259532676923400E-01       149159         1735
    32   0.25334051879176259E-01       100007         1831
    33   0.15037013831104800E-01       100007         8871
    34  -0.14285059240764394E-01       149159         1717
    35  -0.12471687631533451E-01       149159         4775
    36   0.16119005172356201E-01        82615        18055
    37   0.41808253479803034E-01        85639        18085
    38  -0.15548774875071187E-01       100007         2727
    39  -0.14929080045420779E-01        18343       132647
    40   0.23558756368887518E-01        82607        18055
    41   0.22274235084002409E-01       100007         1707
    42  -0.14423401794944087E-01        83623       136739
    43   0.25790480184555674E-01        18343         5795
    44  -0.14742464585988114E-01       149159         2727
    45  -0.12813407710636108E-01        85669         9893
    46  -0.19595415521182553E-01        18343         3747
    47   0.19091842057044169E-01        85667         5797
    48   0.71965327838741489E-01        85639        18083
    49  -0.61371536761363997E-01        83623        22147
    50   0.11888562433368963E+00        83623        20099
    51   0.14232814723135619E-01        85543         3623
    52   0.60691078613607570E-01        83623        71203
    53   0.23841680364650952E-01        85669         3749
    54   0.21355360936701775E-01        83627         1707
    55  -0.15309200697761621E-01        82607        34439
    56  -0.21842873055099948E-01       116263        67207
    57  -0.28210346619160453E-01        85667         3749
    58  -0.44295346012732210E-01        87687        18083
    59  -0.17884117666439180E-01       214567        34439
    60   0.27984770345115786E-01       100007         1735
    61   0.21558100421904286E-01        67303         3749
    62   0.28971188512128133E-01        18343        18055
    63  -0.11846447549969601E+00        83623        69155
    64   0.15470858601240851E-01       116359        34439
    65   0.18106600303981493E-01        83623         1739
    66  -0.42009061508589990E-01        85543        67237
    67   0.33547472063148863E-01        83559         1927
    68  -0.14441410524264736E-01       100007         1717
    69   0.30643395435876332E-01        67303        67111
    70  -0.14945341083150288E-01        87715         9893
    71   0.47488309438876872E-01        85667         3747
    72   0.18526656038058108E-01        67303         3747
    73   0.35468120428343103E-01        71335        83491
    74   0.41518359698497480E-01        67303        18183
    75   0.44257418137342470E-01        87591        67235
    76  -0.17297245081544246E-01        67303        34439
    77   0.15441234716864916E-01        82607       132647
    78   0.16455338096874890E-01       214567       132647
    79   0.25610221790584239E-01       214567        67111
    80   0.28693671598306946E-01        83655         1735
    81   0.64018171440461430E-01        20135        83587
    82  -0.12213143562434815E-01        67303         9893
    83  -0.15469747240698065E-01        18343        85507
    84   0.12101071831884672E-01        18343         9893
    85   0.12686493584004277E-01        82607          687
    86  -0.21437507145307136E-01       100007        83463
    87   0.18828922479584505E-01        83623         1835
    88  -0.71901975090246317E-01        85543        67235
    89  -0.21006895417139050E-01        85667        85507
    90  -0.18777308423937801E-01        83623         2727
    91   0.24027232952393951E-01        20135        83589
    92   0.14117645020223508E-01        83623        38531
    93  -0.35495119661133584E-01        22183        83587
    94  -0.24185516234237869E-01        69287        83493
    95  -0.16678541508041593E-01        83511        66215
    96  -0.15236494220779238E-01        67255        82471
    97  -0.12863410915559320E-01        83623         1715
    98   0.14361343345039525E-01        85667        87555
    99   0.30007490199502385E-01        87715         5795
   100  -0.63919428460952249E-01        69287        83491
   101   0.14071430347239303E-01        83623         4775
   102   0.21390306147436661E-01        84647         2727
   103   0.15806691325876251E-01        67303        85507
   104   0.36336644481205313E-01        18151        67335
   105   0.25867397100753680E-01        18343        67143
   106   0.18512300401421957E-01        67495        17991
