     1  -0.95563443083225741E+00        83623         1703
     2  -0.49424543481340396E-02        83877         1591
     3  -0.30982656772033357E-02        83623       140837
     4   0.51242414192341152E-02       216613         1703
     5  -0.61354288853394546E-02        83623         1845
     6  -0.28441635620503627E-01        83751         1703
     7   0.46125012822188565E-02        83847         1639
     8  -0.13767387533103040E-01       149191         1703
     9   0.43185962053716520E-02        83623        33423
    10  -0.10860820302932147E-01       100007         2727
    11  -0.21063468729885901E-02       218661         1703
    12  -0.28391345209699430E-01        83655         1703
    13  -0.84380791341438239E-02        83623         1707
    14  -0.22679924528875031E-01        83623         1735
    15   0.11053546697975265E-01        83623         1709
    16   0.42900439906709701E-02       103079         1703
    17  -0.36800884611999699E-02        67495        34343
    18   0.93686287173419570E-02        83635         1703
    19  -0.28504282319360722E-02        83623         8871
    20  -0.24474465796110495E-02       115367         1763
    21   0.33279176710154172E-01        84647         1703
    22   0.27651785575090577E-02        83623         4779
    23  -0.41470431406769757E-02        83763         1703
    24   0.64834599806594985E-02        83623         1717
    25  -0.13010795585613395E-01        83623        17047
    26  -0.27839160287245345E-02        22437         1703
    27   0.21955144891609248E-02        85667         9891
    28  -0.28083718915748609E-02        67303         5797
    29  -0.49443911007605529E-02        85639        34469
    30  -0.59327043623514540E-02        83623       148999
    31   0.36644843223976272E-02        83623         4787
    32   0.10415465756076078E-02        83629         1703
    33   0.28052936969506508E-02        66295         1703
    34   0.25454822817974655E-02        83635         1831
    35  -0.52957446705073474E-02        86695         1703
    36  -0.10252202601349810E-01        83623         2731
    37   0.10901192744296354E-01        83623         4775
    38  -0.78080007180718258E-02        83627         1703
    39  -0.13130788104567120E-01        22435         1703
    40   0.19753973329416856E-01        83623         2727
    41   0.90855827164287740E-02        87591        67235
    42  -0.57342994006672650E-02       118403         1703
    43  -0.49781989209590413E-02       213671         1583
    44   0.59373071957619485E-02       101031         1703
    45  -0.13764816009219688E-01       100135         1703
    46  -0.24931291206596790E-01        83623        22147
    47  -0.24003006364874718E-02        90791         1703
    48  -0.61367515083769458E-02        83623         1749
    49  -0.22672585679663241E-01        83623         1831
    50   0.13006560295795855E-01        83623        66103
    51  -0.16283243912558715E-02       213559         1703
    52   0.85740056005867028E-02        51079         1703
    53   0.15132422511020690E-02        83623         8877
    54  -0.38113898240422993E-02       213671         1957
    55  -0.56595566229122023E-02       107175         1703
    56  -0.73443198408039848E-02        69349         1703
    57  -0.12458136241189812E-02        83623        11937
    58   0.53330479883766456E-01        83623        20099
    59   0.66401490279065717E-02        83637         1703
    60  -0.54317873380755168E-02        83623        36485
    61  -0.11506833604312696E-01        83623         1715
    62  -0.55228269152786504E-02        83641         1703
    63  -0.24160684556222044E-02        83623         8885
    64  -0.56914256232270593E-02        83623         4903
    65   0.62868388397177479E-02        83623        75301
    66  -0.91771074063982036E-02        90791         1707
    67   0.35009847867302885E-02       124549         1703
    68   0.21371992672166084E-02        83627         2727
    69   0.57882643299226053E-02        66287         1703
    70   0.28337930306636685E-02        83683         1763
    71  -0.54820391162896430E-02        83623         1721
    72   0.15088842139901139E-01       165543         1703
    73   0.68750765731733299E-02       247303         1703
    74  -0.16930909297934267E-02        75415         1703
    75   0.55486377232446173E-02        83623         8999
    76  -0.41641316937036724E-02       213551         1703
    77   0.67631288951259510E-02       100021         1703
    78  -0.18810427032411960E-01        83751         1735
    79   0.34312896242580178E-02        91687        67237
    80  -0.64836801912135965E-02        18103        67237
    81   0.59596751862571601E-02        83627         1717
    82  -0.75201235980948697E-02       214567         3747
    83  -0.48040939850259971E-02       116263        67207
    84   0.79025360428205110E-02        83623        38531
    85   0.86216640361282161E-02        85667          695
    86   0.95558903569737397E-02        83623        66095
    87   0.46262816721926638E-02        90795         1703
    88  -0.50739399750897880E-02        86823         1703
    89   0.37031347742970092E-02        20023         1703
    90  -0.57887411536892454E-02        17327         1703
    91   0.27854277106161740E-02        87687         3719
    92   0.99964169709102161E-02        83623         1835
    93   0.28198640854412409E-02        83623         4789
    94  -0.11528357248950377E-01        87715        34439
    95   0.31280466819652809E-02        22183       131751
    96   0.13452369369805334E-01        18343          687
    97  -0.57080215403362382E-02        85543          935
    98   0.25108457364476271E-02        86701         1703
    99   0.45992377923191963E-02        91811          687
   100   0.15629363861229515E-01        83627         4775
   101   0.24900058460549331E-01        83623        71203
   102   0.10036228477179367E-01       100007         8871
   103  -0.35582703974608209E-02        84653         1703
   104  -0.47252148049061592E-02        83623         2733
   105  -0.24302092493010265E-02        83683        33447
   106  -0.15421910316697023E-01        83623        69157
   107  -0.37026401813345733E-02        69271         1703
   108   0.15414654122129709E-01        83623        20101
   109  -0.28815438724854149E-02        22183        66215
   110  -0.18730406395999404E-02        83623         1741
   111   0.37148101246026709E-02       214693          935
   112   0.55489581450611433E-02        83623         8903
   113   0.12200137282446693E-01         2023         1703
   114  -0.39309633248074535E-02        82615          687
   115   0.37618618586003389E-02        83623        13985
   116   0.48804207159820713E-02        83623        71205
   117  -0.11821568823312216E-01       149163         1703
   118  -0.36313735223006747E-02        83877       131751
   119   0.27140760934893106E-02        86699         1703
   120  -0.18734896235684526E-02        83623         1837
   121  -0.38649960398656155E-02        83623         1843
   122  -0.64943204334369994E-02        67255        18085
   123   0.47858816383294315E-02       149171         1703
   124   0.27848403358305277E-02        71397         1703
   125  -0.78918673996659881E-02        83623       136739
   126   0.12143862085646851E-01        83783         1703
   127  -0.12452063563763518E-01        18343        34439
   128   0.40297267824062613E-02        95905         1703
   129  -0.15409711223672583E-01        18343         3749
   130  -0.14794714703298231E-01        83627         1735
   131  -0.58237502607866127E-02       149287         1703
   132  -0.12022295183774252E-02        84775         1703
   133   0.61282629105368748E-02       213671        66215
   134   0.12396119471400972E+00        83623        83463
   135   0.61917392457100460E-02        90919         1703
   136   0.30241148859775314E-02        83629         8871
   137  -0.28062587171360930E-02        17335         1703
   138   0.14445605825553126E-01       116359        67111
   139  -0.59227392527727686E-02        83623        99847
   140   0.20287369455893930E-02        82663        34467
   141   0.21053640885810771E-02       120453         1703
   142   0.77953213828009932E-02        83623         7841
   143   0.67597775573868448E-02       214567         9893
   144  -0.24366140641073819E-02        87687          743
   145   0.83605258860194962E-02        83655         4775
   146  -0.23680399635924797E-01        20135        66215
   147   0.75488868509366825E-02        83503        66215
   148  -0.32325412297351734E-02        69287         1763
   149  -0.34847652803765431E-02        82663        34469
   150   0.68705253153978369E-02        82663        18085
   151   0.21242783795838156E-02       100013         1703
   152   0.58643115477598580E-02       150183         1703
   153  -0.10887571349214496E-01       149159         2727
   154   0.28938526163259097E-02        86695         1715
   155  -0.18217137218879936E-02        83661         1703
   156   0.79451874657577616E-02        83607         1687
   157   0.54939094552389437E-02       214693         3623
   158   0.49789729866576843E-02       115367         1679
   159   0.21248166755107943E-02       149165         1703
   160   0.22186561470752108E-01       116359        18055
   161  -0.62714874430624835E-02        85669         9891
   162  -0.48590008864774102E-02       116359          695
   163  -0.62877174430614833E-02        83623        26245
   164  -0.45604613067260864E-02        18095       132771
   165   0.18004695428146872E-02        83623        38533
   166  -0.60660342161998337E-02        83669         1703
   167  -0.47326423297812410E-02        18151        17959
   168   0.14221171640235862E-01       116359        34439
   169  -0.18800364266637953E-02        93857         1703
   170   0.69557164918102425E-02        67247          743
   171   0.96423346209721095E-02        87717         3749
   172  -0.36138938678054395E-02        26533         1703
   173   0.47132910982148005E-02        83599        33447
   174   0.54944547130925496E-02        87717        18055
   175   0.33748280555119755E-02        83607        33447
   176  -0.95601552697209512E-02       116359       132647
   177  -0.95298449025820603E-02       214567        34439
   178  -0.93317930223876973E-02        85669         5797
   179   0.11642197106257985E-01        20387         1703
   180   0.24496002257332430E-02       213671         1955
   181  -0.18811630566530096E-01        83655         1831
   182   0.39760685061681535E-02        83685         1765
   183  -0.68838697953767496E-02        69287         1765
   184  -0.18510345010305938E-02        18343         9891
   185  -0.11810867912160171E-01       100011         1703
   186   0.10629200589750773E-01        83659         1703
   187   0.46200636884371248E-02        83623       165383
   188  -0.14241843043193342E-01        18343         3747
   189  -0.30057031236128341E-02        71335        17063
   190   0.12873750693862490E-02        90797         1703
   191   0.72851132659424514E-02        84647         1735
   192   0.20318794402138011E-02        85543       132771
   193  -0.24860048485340247E-02       116359         5797
   194  -0.95825981056802539E-02       116359          687
   195  -0.10162432628826424E-01       100007         1717
   196   0.68630763873132024E-02        20135         1957
   197   0.39071663612585579E-02       198311         1639
   198  -0.15307080409260921E-02        83877         1955
   199  -0.94307704381218910E-02       218659         1703
   200   0.10757918834127229E-01        83623         1863
   201   0.16926032829054798E-02        26167         1703
   202  -0.62703516766977122E-02        22183         1955
   203   0.31003013671355218E-02        83623        42629
   204   0.32130219554699687E-02        91783        34469
   205   0.33967482464088941E-01        87715        18055
   206  -0.41481825095688700E-02        83667         1703
   207   0.36284910664411800E-02        83685        33447
   208   0.85614955224874289E-02       198247         1703
   209   0.97849309286310027E-02        91813        18055
   210  -0.10006477154691202E-01        83751         8871
   211  -0.46089260539284539E-02       100007         1715
   212  -0.36587239281692515E-02        26279         1583
   213   0.11503834023332382E-02        71319         1703
   214  -0.26270998894112572E-01        85669        18055
   215   0.62333398568731888E-02        90823         1703
   216   0.16650553869563340E-01       100007         1707
   217   0.83516824532242004E-02        85639        18083
   218   0.47353733826537977E-02        75431         1765
   219   0.55628382920026751E-02        75431         1687
   220   0.16006839425633226E-02       116263        34343
   221   0.67628092294375148E-02       149173         1703
   222   0.20686555186095607E-02       214691         9767
   223   0.36121145503888574E-02        75493         1703
   224   0.99772736678462592E-02        83623         1739
   225  -0.35598896424360151E-02        83623        36483
   226   0.78986901090215434E-02        85667         9893
   227   0.63924167267314985E-02        18343          695
   228  -0.37495542045719900E-02        91813          695
   229  -0.38661293275468519E-02        83623         1747
   230  -0.11630645641086564E-01        69347         1703
   231   0.10041895443904852E-01       149159         8871
   232   0.13842464619344521E-01        85543         3623
   233  -0.35014225267517686E-02       222757         1703
   234  -0.45613541241065567E-02        67247        34467
   235  -0.27889249045436439E-02        85543         5671
   236  -0.11308336113998719E-01       214567         3749
   237   0.46067039391256906E-02       115367        33447
   238  -0.85310786320532302E-02        83635         2727
   239  -0.41000574265955781E-02        18103         3623
   240   0.12381172612327183E-02       116359         9891
   241   0.16456096123698060E-02        83635         8871
   242  -0.67525091067810574E-02       116359         9893
   243   0.54188245219051346E-02        83623       134693
   244  -0.10727855331902477E-01        90791         1735
   245  -0.89183949405800145E-02        82607        34439
   246  -0.36306950449832573E-02        18103          935
   247   0.43083610299266073E-02       152231         1703
   248  -0.46512198305756489E-02        75431        33447
   249   0.57922065052996297E-02       216611         1703
   250   0.11052943468071941E-01        83637         1831
   251  -0.41969689703423782E-02        87715         9891
   252  -0.43174621973180172E-02        83623       131631
   253  -0.83179222875931370E-02        67303         9893
   254   0.32095696314232156E-02        83683        17063
   255  -0.56910578473420926E-02        83623         4807
   256   0.39455321422463812E-02       115367         1687
   257  -0.11880506550781284E-02        84679         1703
   258   0.24306107633001728E-01       100007         1735
   259   0.53116729543053976E-02        83655         1709
   260  -0.17988392911553320E-02        83623       136741
   261   0.22847427190571128E-01        85669         3749
   262   0.21230621538299230E-02        83623        50849
   263   0.61345912278635483E-02       115367        17063
   264   0.25156090075840812E-02        83635         1735
   265  -0.54819166195706204E-02        87717        67111
   266  -0.51998820887235696E-02        82615        34439
   267   0.45176050455490663E-02        69287        33447
   268  -0.52826913083775639E-02       100007         1709
   269   0.37453367175319225E-02        69287        83493
   270   0.16619178868737632E-01       149159         1707
   271   0.17817922842169678E-01       100007         1831
   272   0.17779786502511045E-01       149159         1735
   273  -0.48691128355577125E-02        83623        22149
   274   0.11357424617530205E-01        83655         1717
   275   0.56817911843698122E-02        83629         1831
   276   0.13240976602229670E-02        69349         1735
   277  -0.20380333737367719E-02        83623        69189
   278  -0.52343710051205210E-02        86695         8871
   279   0.11357508080078118E-01        83751         1717
   280  -0.10163134081864846E-01       149159         1717
   281  -0.34444601764215266E-02       149159        83463
   282  -0.47123351799846277E-02        83503       131751
   283   0.57086554445128050E-02        82663          743
   284   0.34144260749042563E-02        83751         1715
   285  -0.18420797005912017E-01        18343       132647
   286  -0.79432672572251947E-02       149159         4775
   287   0.26152690544122572E-02        86709         1703
   288   0.48630348886270726E-02        83623        20227
   289  -0.18912465354906803E-02        75431         1763
   290  -0.15006483771107366E-02        83623        36611
   291   0.14869930196048876E-02        83623        17123
   292   0.26478978813005989E-01        83655         1735
   293  -0.92965703828846655E-02        85669         9893
   294   0.19609764944252088E-01        18343         5795
   295   0.31681377530667965E-02       116359        67143
   296   0.42533032482700711E-01        67303        18055
   297   0.52413525439436465E-02        82607         3749
   298  -0.19942471451424690E-02        83623       149003
   299   0.17441496146320702E-02        20387         1735
   300   0.37050105669891244E-02        86707         1703
   301   0.10195188967203306E-01        85669        34439
   302  -0.85394074143708178E-02        85543        67235
   303   0.28192389306638485E-02       116263       132743
   304   0.46037923469325354E-02       213671       131751
   305  -0.14886574484662886E-02        83623        66467
   306   0.26543050195906694E-02       149159        99847
   307   0.26183157633255343E-02       116359        18183
   308   0.14000464110821859E-01        85639        18085
   309  -0.11501766944277143E-02        22071         1703
   310   0.16809753245404441E-02        83783         1831
   311  -0.19608852324306248E-01        67303         5795
   312  -0.45757783971915938E-02        83623        84487
   313  -0.14887609709855665E-02        83623        86547
   314   0.83411003916296043E-02        83751         4775
   315   0.16771645610294029E-02        83783         1735
   316   0.19221406097206866E-02        18343         3875
   317   0.30692271631004861E-02        90791         1709
   318   0.83204812695222945E-02        18343         9893
   319   0.14255851259364785E-02        84647         1707
   320   0.15729065995596259E-02        83683         1765
   321  -0.96210435506138836E-02        84651         1703
   322   0.14206525113280054E-02        85795         3747
   323  -0.46085819767888803E-02       149159         1715
   324  -0.19679435429065667E-02        83655        20099
   325  -0.58697723514873415E-02        18095        67237
   326   0.45436931836298159E-02        20135       131751
   327   0.40992829643278304E-02        83623         8875
   328   0.21142068215416385E-02        90791         1715
   329  -0.60648107391510098E-02        83765         1703
   330  -0.79285817971043865E-02       100007         4775
   331   0.28082623580818313E-02        18343         5797
   332   0.22447527774792607E-02       216613        83463
   333   0.24321578051840352E-02        83875       131751
   334   0.26008196972917221E-02       214691       132771
   335  -0.12284676860484338E-02        86695        99847
   336   0.11068775707071184E-01        83637         1735
   337   0.11471300035587253E-02       149191         1707
   338   0.12268882568999167E-02        85669         3877
   339  -0.87065493344365280E-02        83627         8871
   340  -0.46355657738948418E-02        91813          687
   341  -0.14047287540598931E-01        85669         5795
   342   0.49121899233367334E-02        85669          687
   343  -0.58329517875548619E-02       100039         1703
   344   0.60947028551403782E-02        83637         8871
   345  -0.38350556313146620E-02        69349        83463
   346   0.75561616237276117E-02        18095        67235
   347  -0.86084850573183713E-02        91813         5795
   348  -0.20680581746800600E-01        85667         3749
   349  -0.33554893502440288E-02       214693         9767
   350  -0.38282647624172839E-02        83655        83463
   351  -0.18216083666332946E-02        83757         1703
   352  -0.37791693778442643E-02        87591       132771
   353  -0.32160842905136289E-02        83875        66215
   354  -0.11964498381396276E-02        83511        66215
   355   0.12183625951858257E-02        83607        17063
   356   0.49095112298143534E-01        85667         3747
   357  -0.50755343709022651E-02        86727         1703
   358   0.11600715557394620E-02       149287         1707
   359   0.57247705189010104E-02        83629         1735
   360  -0.57414023786666159E-02        87715        67143
   361  -0.46567557587751133E-02        26279       131751
   362  -0.39423931914261932E-02        86695         1709
   363  -0.53285462159832599E-02        82855         3623
   364   0.78045616031680370E-02        91813         3747
   365   0.26065199218053962E-02       116387        34467
   366   0.15163008129676016E-02        90791        99847
   367   0.11711352843456414E-02        87715       132679
   368  -0.10012224472184269E-01        83655         8871
   369  -0.23724150838428455E-02        83627         1715
   370  -0.24227195530678227E-01        69287        17063
   371  -0.10171898884290750E-02        83623        22277
   372  -0.10731315586625467E-01        90791         1831
   373   0.10629138476813463E-01        83755         1703
   374  -0.47345423585579173E-02        26279         1957
   375   0.10272561345517127E-02        18375         5795
   376   0.31674293698808653E-02        18095       132773
   377   0.18493227967931233E-02        67303         9891
   378   0.74597560721197127E-02        83655         2727
   379  -0.39737068911337428E-02        83623        22275
   380  -0.25874209605905823E-02       100039         1735
   381  -0.34564324341115689E-02       116359        87555
   382  -0.13323752075868021E-02        18343         5923
   383  -0.42259589027266184E-02        83629         4775
   384   0.63122424457937254E-01        85667        67111
   385   0.73193948073047776E-02        86695         1735
   386   0.19746844899281584E-02        83623        84499
   387   0.38523646238020656E-02        18103         9767
   388   0.75536919891144218E-02        20387        83463
   389   0.65624850566620603E-02        91813       132647
   390   0.10785758368997331E-02       120451         1735
   391  -0.19087956938668288E-02        91813        67143
   392   0.10770920041734181E-02       198247        20101
   393  -0.14110201552161520E-02        83627        36483
   394  -0.20359119972520249E-02        87715        18067
   395  -0.20367051504235614E-02        85639        34467
   396   0.14415051999120972E-01        86695         1707
   397  -0.15694075147294183E-02       100007        36483
   398  -0.10896342313405651E-02         4067         3747
   399   0.20664353370387911E-02        87717       132647
   400   0.21246167308818292E-02        83623       198305
   401   0.11403111580739270E-01        82615        18055
   402  -0.14968730113226680E-02        83783         1863
   403  -0.33867597518078252E-02       149159       148999
   404   0.76271879612145304E-02        87717         3747
   405  -0.97745778060036228E-02        91813        67111
   406   0.55805071469575071E-02        85667        34439
   407  -0.13179376994177652E-02        22435         1735
   408  -0.14944538902162271E-02        83635        99847
   409   0.12388634867335651E-02        83623       149011
   410  -0.10999982090198466E-02       150183         1707
   411   0.21114811506282964E-02        18151        34343
   412  -0.56585710504022781E-02       156327         1703
   413  -0.22575680700623059E-02        83655        83467
   414   0.42549790398152036E-01        18343        67111
   415   0.15549958965768338E-02        75493        83463
   416   0.24299188750275019E-01       149159         1831
   417   0.27448283451897803E-02        83623         4781
   418  -0.66448797337570475E-02        84647         1717
   419   0.10544986493242223E-02        18103        67235
   420   0.10867453840895664E-02       124549        83463
   421  -0.74554269223513709E-02        83599        17063
   422  -0.34269231865845674E-02        91783        18085
   423  -0.10194134842131233E-01        85669       132647
   424  -0.34742326242025064E-02        83503         1957
   425   0.17493263395578044E-02        83629         1717
   426  -0.22961871082134333E-02        85543         9767
   427   0.35009595538986259E-02        18095         9767
   428   0.25610666051410001E-02       116263        17959
   429  -0.11439713734079924E-01        82615        67111
   430  -0.50013855745301931E-02         2023        83463
   431  -0.15279282347383453E-02        83655        20227
   432   0.31414617509549891E-02        71335        33447
   433   0.64831516465856725E-02        89761         1703
   434   0.69648451230010762E-02        82615         3749
   435   0.14268384685523863E-02       100007        71203
   436   0.12628502168834383E-02        83787         1703
   437   0.58010501024874546E-02        91813         9893
   438   0.29786186312993879E-02        22183         1583
   439  -0.15584919126328863E-01        83751         1707
   440   0.19800912298001696E-02        83623        90631
   441  -0.21824861440566026E-02        84651        71203
   442   0.36099001233779837E-02        83635         1715
   443  -0.51432778258318750E-02       118405         1703
   444  -0.13712390434542988E-02        84679         1735
   445   0.10801281086325887E-02        18343         5827
   446  -0.11878304721579364E-02       118403         1831
   447   0.11855388750669646E-01        86695         4775
   448   0.42615506771179401E-02       116359        85507
   449   0.39022244116761486E-02        50855         1927
   450   0.27833841082181053E-02        18343        82447
   451  -0.56516013191116998E-02        85667       132647
   452   0.10908324115073470E-02        71397        83463
   453   0.73069792222293824E-02        20389         1703
   454   0.87827658127975355E-02        67495        17959
   455  -0.34011626534978406E-02        83685         1679
   456  -0.13185766823468673E-02        67431        67111
   457   0.28741437779646970E-02        83503         1591
   458   0.13135188246902633E-01        71395         1703
   459   0.11330834733685700E-02        83783         1717
   460   0.30142427751080055E-01        87715         5795
   461   0.62818102834603694E-02        71335         1763
   462  -0.11614156681756047E-02        51079        99847
   463  -0.34016830054864962E-02        83877         1583
   464  -0.25864396964516709E-02       149287         1831
   465  -0.60323033768982254E-02        83685        17063
   466   0.18630229202310619E-02        83629         1709
   467  -0.13062507595975130E-02        85669         5827
   468   0.16832420760454511E-02       100007        22147
   469   0.11340061828181614E-01       116359         3749
   470  -0.11079853868105904E-02        18343       132679
   471  -0.11392812696782815E-02        83623        83475
   472   0.39905353800417437E-02        83623        71235
   473   0.44493112359102038E-02        83637         1715
   474  -0.13853805075670794E-02       102051         5795
   475  -0.19209090926668852E-02        67303         3779
   476   0.26016936544957492E-02        83623        84491
   477   0.12127792804936897E-02        83875         1591
   478   0.15232389985718341E-02        90791       148999
   479   0.49433533005455929E-02        85543       132773
   480  -0.95375155542188599E-02        83623        17039
   481   0.94716640539908668E-02       120451         1703
   482   0.35133668673916992E-02        85667         3779
   483  -0.13754071807750599E-01       116359         5795
   484   0.13843754457830681E-01        85639         3719
   485   0.20331799083011855E-02         2023        71203
   486   0.97197935446536946E-02        85667          687
   487   0.12722188373422360E-02        87717        18183
   488  -0.15539850310239458E-01        83655         1707
   489   0.28966891130826813E-02        83599         1687
   490  -0.69725424555598147E-02        18343        85507
   491   0.16206716507802848E-01        82607        18055
   492  -0.49420429674152692E-02        83685         1687
   493  -0.12065128583698423E-02        20387        99847
   494  -0.27247052851694415E-02        83607         1679
   495  -0.52826700312265211E-02       149159         1709
   496   0.14212738301969516E-01       214567       132647
   497   0.22645109399765880E-01        87715         3747
   498   0.53325367424335423E-02        83751         1709
   499   0.15980497724432234E-02         2023       148999
   500   0.34837794482089307E-02        83623        83467
   501   0.26377490768440476E-02        26279        66215
   502   0.26591197807354786E-02        75431        17063
   503   0.14235732030991564E-01        67303         3747
   504  -0.17420572430628962E-02        86707        83463
   505  -0.17771484612059288E-02        83783        83463
   506   0.40201593440534270E-02        83503         1583
   507  -0.21466033150466485E-02        82615         5797
   508  -0.13126164841332679E-02        18375        18055
   509   0.34146720111313247E-02        83655         1715
   510   0.16188853125424915E-02       216611         1831
   511   0.20856781449308235E-02        83635        22147
   512  -0.64806601617050799E-02        85667        19079
   513  -0.18421930334510575E-01        67303        34439
   514   0.12122849081015854E-02        83683         1687
   515   0.14752779138276330E-02       149287         1735
   516  -0.10859169157878689E-02        83751        66095
   517   0.22695406103632318E-02        83635         1707
   518  -0.18383665750319514E-02        83655       148999
   519  -0.14109365922757831E-02       149159        84487
   520   0.76862929682084344E-02        85667         5797
   521  -0.43693046477729751E-02        82663        18083
   522   0.22902659389306980E-02        87717         5795
   523  -0.38086100468063214E-02        83751        83463
   524  -0.45615266808815991E-02        83607         1765
   525  -0.24437934552911742E-02        83635        20099
   526   0.43846039522525719E-02        83875         1583
   527  -0.14409306513713939E-02        84647         8871
   528  -0.12647251708494515E-02        18343        19079
   529   0.42350788310151696E-02        85669        87555
   530  -0.17876829128043064E-02       100007        20099
   531   0.62372585612086758E-02        83627         1709
   532  -0.56854977333166204E-02        85639          743
   533  -0.56300136476828454E-02        83637         2727
   534   0.12264087356384287E-02        85669         3781
   535   0.34007149333213265E-02        87715        68135
   536  -0.11261924475462716E-02        84779         1703
   537  -0.18575435604963617E-02         4067        18055
   538   0.16718282686932278E-02        67431        18055
   539  -0.18721990198975881E-02        83751        99847
   540   0.46137781574952077E-02        83559         1927
   541   0.16341752395866282E-02        83655        83477
   542   0.11831643526190067E-02       100135         1735
   543   0.18362651073361145E-02        85667        34567
   544   0.12426162014142720E-02        85795         3779
   545   0.59466547357732817E-02        83637         1707
   546  -0.10961423973998052E-02        83637         4775
   547  -0.11253762048105429E-02        84683         1703
   548  -0.44259146169765050E-02        83635         1717
   549   0.74667073590641217E-02        83751         2727
   550   0.12389414872989604E-02        83623        99859
   551  -0.12057270099160113E-02       149159        36483
   552  -0.11750743502272054E-02        93857        71203
   553  -0.17819752571656780E-02        83623        86535
   554   0.26336414638118240E-02       214567        67143
   555  -0.14767496025013082E-02        18343         3779
   556   0.17515165349720036E-02        83635        83463
   557  -0.24527305383784262E-02        90805         1703
   558  -0.65168898862183215E-02        82615         5795
   559   0.27957820124119202E-01        18343        18055
   560   0.68675427670680349E-02        85667        67143
   561   0.26507306994049355E-01        83751         1831
   562  -0.39446689785155942E-02       213671         1591
   563   0.42219441315904062E-02        91687          935
   564   0.33838313632680974E-02        91811         9891
   565   0.32181602391972821E-02        20135         1955
   566  -0.16890230746930684E-02        85795         3875
   567   0.15037965016260492E-02        83659         1707
   568   0.14963890809594565E-02        83623       134723
   569  -0.16624448922528585E-02        18375        67143
   570   0.11589248309410061E-02        83623        99861
   571  -0.14066219777589114E-02        87715         3781
   572   0.17947058870869824E-02        85669        87557
   573  -0.20253121883124659E-02        83623         8883
   574   0.21929664791670795E-02        83635         4775
   575   0.21677189921650098E-02        91811        34439
   576  -0.50398461850352672E-02        22435        83463
   577   0.23660797853261809E-02        82607        18183
   578  -0.14762089770875793E-01        83627         1831
   579   0.43752739575583927E-02        91811         5797
   580   0.35548215526468416E-02        83623       134691
   581  -0.13726382598145703E-02        84775         1831
   582  -0.17517346019403257E-02       104099        18055
   583  -0.63260506620982246E-01        85667        18055
   584   0.28095052340503114E-01        67303        67111
   585  -0.19909890474562987E-02       116359        82447
   586  -0.14022812408143653E-01        85543        67237
   587   0.13321355304636712E-02        67303         5827
   588   0.21892094700331488E-01        83627         1707
   589  -0.10797800861684047E-02       100139         1703
   590  -0.48300086708019602E-02       214663        17959
   591  -0.35042748611606124E-02        67247         9863
   592   0.13856642167668091E-02        83623        66127
   593  -0.16199053508540819E-01        82607        67111
   594   0.73358766321573237E-02        86695         1831
   595   0.15618071063465970E-02       100007        90631
   596  -0.48604992617512525E-02        83623        69187
   597   0.15408060370147289E-01        67303         3749
   598   0.57501971876676768E-02        82855          935
   599  -0.18099901164456687E-02        85667       132679
   600   0.17955342403630644E-02        22435         1831
   601  -0.42388838410607355E-02        20387        69155
   602  -0.12637451872800935E-02       102051         3779
   603   0.26615567929655229E-02        83559         1639
   604  -0.17722896883755385E-02        85667         3877
   605  -0.61467026907772206E-02        83629         1707
   606  -0.13311739358338674E-02       100007        86535
   607  -0.32121777818567218E-02        91687       132773
   608   0.21710104417270032E-02        90791         2727
   609  -0.13379959858315421E-02        85667       132651
   610  -0.14490259751722499E-02       149159        22147
   611  -0.14477251561995923E-02       116359        82455
   612   0.17244416894353097E-01        85669         3747
   613   0.15895009872011201E-02        18095        82567
   614   0.14200813291150322E-02        85699         3747
   615  -0.10154076306419708E-02        85699         3749
   616   0.13508980149633610E-02        83623        93697
   617  -0.37120620083098878E-02       116389          743
   618  -0.19934166316176120E-02        83623        99851
   619  -0.31975910917182264E-02        85667         5923
   620   0.43837844190339767E-02        83683         1679
   621  -0.21501938429381133E-02        91811       132647
   622   0.17940528987190369E-02       149159        69155
   623   0.13809089307676957E-02        18343       151043
   624  -0.27031405564776514E-02        83511         1583
   625   0.36623094096181266E-02        75431         1679
   626   0.27961413957403296E-02       214693       132773
   627  -0.11948969511612435E-02        85795       132647
   628  -0.20017110061869821E-02       216611        20099
   629  -0.38558937514585213E-02        67255         9863
   630   0.18401780694372095E-02       118403        71203
   631   0.11732492473194558E-02        20387       134691
   632   0.78951007211416381E-02        83511         1591
   633   0.16941405214835198E-02        18375        67111
   634  -0.15230807362162019E-02        83623        89601
   635   0.15378893032831412E-02       102051        18055
   636  -0.10368572941019307E-02         4069        18055
   637  -0.29671317398958451E-02        84647        69155
   638   0.19513986950076903E-02        85699        67111
   639  -0.25161395544978829E-01        85667         5795
   640   0.14534273117299060E-01       214567        18055
   641  -0.21598688659296280E-02       247303        83463
   642   0.10032482778677869E-01        91813         3749
   643   0.75762407189352184E-02        67247        18083
   644   0.19889159346019366E-02        83623        23171
   645   0.18090389778532897E-02        85667        19083
   646  -0.13512496282213134E-02       151203         5795
   647  -0.38888110760431946E-02       214691         5671
   648   0.19824254690491297E-02        83751        69155
   649  -0.11996282090545674E-02       118403        99847
   650  -0.13862977982161719E-02        83623        17167
   651  -0.10481597778028992E-02        18343        73249
   652  -0.14283930154967868E-02        83655        20101
   653  -0.16046102209090467E-01        87715         3749
   654  -0.13605343119217730E-02       104099        67111
   655   0.59973369619089507E-02        85669          695
   656   0.14767278164741387E-02       100039         1831
   657   0.11608788958436241E-02       100135         1707
   658   0.17998953558835892E-02        69287        20129
   659   0.75438860481394287E-02       116359         3747
   660   0.43722749579565958E-02        82855        67235
   661   0.34891236450924515E-02        82855       132773
   662  -0.11371859946611421E-02       101031         1735
   663   0.12745249616498615E-02        84647        71203
   664  -0.46171566737395944E-02        18343        18183
   665   0.16951386201878083E-02        85639        19107
   666   0.47990492689927748E-02       100019         1703
   667  -0.10797499853669736E-02       149195         1703
   668   0.15752913294882227E-02        83751        20099
   669  -0.17238268210969406E-02        69347         1831
   670  -0.63861331676076929E-02        67303          695
   671   0.15050470940747894E-02        83755         1707
   672  -0.31437339153337226E-02        51079        83463
   673   0.33613759509003240E-02        67255        34469
   674  -0.46362511170202443E-02        67303        67143
   675  -0.14121780771410998E-02       100007        84487
   676  -0.53370703362690321E-01        83623        69155
   677   0.14916744348361060E-02        93857        69155
   678  -0.33786042954842953E-02       100007        99847
   679  -0.10526568362696981E-02        20387         2731
   680   0.20390318318017713E-02        83623        20229
   681   0.49652669214761162E-02        18343        87555
   682   0.12050833668612580E-02        22435       148999
   683   0.35466945700484472E-02        67303        85509
   684   0.13821870795049300E-02        83751        84487
   685  -0.15321114175926543E-02       149159        83477
   686  -0.17226290453056156E-02        83637        99847
   687   0.32159481354637285E-02        87715         3779
   688   0.15641870124332403E-02       149159        90631
   689  -0.82496759889753996E-02        87715         9893
   690  -0.30465762458538222E-02        18095         3623
   691   0.43860398508442054E-02        91811         5795
   692   0.13225229881185920E-02        51079        20099
   693   0.42224908264198047E-02        91783          743
   694   0.22560422601769470E-02        83627        71203
   695   0.26245638121308915E-02        91687         3623
   696  -0.15659655253989582E-02        20387       148999
   697  -0.23273085692957053E-02        90803         1703
   698   0.12399083662196940E-02        20387         2727
   699   0.19202047720197975E-02        91813        18183
   700  -0.33993743641223151E-01        87715        67111
   701  -0.12505978516985840E-02        67303        68135
   702  -0.13178893388308167E-02       149191         1863
   703  -0.34858852175085218E-02        85669        18183
   704   0.11820441406982217E-02       149191         1831
   705   0.19879002975602129E-02        18343        91653
   706   0.10866725969380037E-02        85667         5809
   707  -0.20708842017117448E-02        87717        34439
   708   0.17026265768086105E-02       153251        67111
   709   0.11849657890123033E-02        83623        84493
   710  -0.15680839062450294E-02        26533        83463
   711  -0.18007506583055885E-02        91783        34467
   712   0.26315917591590351E-02        91783         3719
   713   0.12063896504004507E-02        68331        18055
   714  -0.39108833187763911E-02        91813         5797
   715  -0.12310734043349271E-02        83623        86539
   716  -0.10490620457723103E-02        67303        87557
   717   0.40315908906576924E-02        87715        85509
   718   0.33611926226914308E-02        18103       132773
   719  -0.19727920257019654E-02        85795        18055
   720  -0.15774518119653208E-02       151203        67111
   721  -0.12653435556469576E-02       151203         3875
   722   0.11218109468567401E-02       116359       101891
   723   0.12983055561664890E-02        18343        19083
   724  -0.10889758477815076E-02        22437        83463
   725  -0.11055040014123043E-02        83623        95745
   726  -0.14793584929011577E-02        90791        83463
   727   0.67780718385085656E-02        85667        85509
   728  -0.13292697611574447E-02       149159        86535
   729   0.21831409162177528E-02        84651        22147
   730   0.27530381703737257E-02        67247         5767
   731  -0.28655244769978192E-02        91813        85507
   732   0.11244237441083232E-02       202339        18055
   733  -0.10736230015697282E-02       101031         1707
   734   0.27186871704700582E-02        82615          695
   735  -0.20290294526389540E-02        83623        72227
   736  -0.21993012262993754E-02        83627        22147
   737  -0.22700139643928958E-02        83751        83467
   738   0.15395906911292389E-02        18343        68139
   739  -0.18063805303231240E-02        83627        83463
   740  -0.17483917326501220E-02        91811         3747
   741   0.16135289926055877E-02         6115        18055
   742   0.10298606984267286E-02        18343       101891
   743   0.23533463991669682E-02       149159        83467
   744  -0.11604711905671579E-02        87715        34567
   745  -0.43057517454000967E-02       118403        83463
   746   0.13694312582785298E-01       214567         5795
   747   0.20313895173301494E-02        84659        83463
   748   0.13691947010356917E-02        83751        86535
   749   0.12420535415438370E-02        85699         3875
   750   0.11995316029462743E-02        85699        34439
   751  -0.31957382153180252E-02        85667         5827
   752  -0.10316080587311840E-02        20387        26245
   753  -0.10444966539526735E-02       165543        69155
   754  -0.18215836278459754E-02        85667        68139
   755  -0.16328582081450516E-02       149163        83463
   756   0.10913703124295769E-02        83655        17047
   757  -0.13154686804291180E-02        85669         5923
   758  -0.16892620655436213E-02        85699         3779
   759  -0.15843945248392370E-02        83655        69155
   760   0.14446239847323399E-02        82615        18183
   761   0.39618982213715792E-02        18343        67143
   762  -0.90131954209646970E-02        87687        18083
   763   0.15250447804277618E-02        83751        69187
   764  -0.16189086426291969E-02        82607        85509
   765   0.73562531519996968E-02        82607         3747
   766   0.30430478230173284E-02        20387        71203
   767  -0.23548441711295472E-02        82607        82447
   768   0.44086787514964971E-02        84651        83463
   769   0.26850243644170511E-02       100007       148999
   770   0.15231988621326477E-02        84651         4775
   771   0.22080509589440606E-01       214567        67111
   772  -0.18671358047524713E-02        87717          695
   773   0.12978496896605126E-01        82607          687
   774  -0.34307316833793082E-02       100007        83463
   775   0.14837056766179733E-02        67303         3875
   776   0.19445931379850135E-02        83655        69187
   777  -0.15693434278524160E-02        95905        83463
   778   0.35040628404521992E-02        85667         3875
   779  -0.15931316496561900E-02         2023        69157
   780  -0.15904898302273093E-02        17335        83463
   781  -0.17962909465762311E-02        71395         1735
   782   0.11562438048751716E-01        87715       132647
   783  -0.24033113157615727E-02        85667        87557
   784  -0.23673047220571105E-02        87717        85507
   785   0.18917457485258620E-02        26279         1955
   786   0.16002827319055671E-02         2023        99847
   787   0.15633884151097727E-02       149159       134691
   788  -0.11295612319229596E-02        89635        66215
   789   0.33561432988911989E-02       116389         9863
   790  -0.45459155087102365E-02        84647         4775
   791  -0.45618758335982251E-02        83511         1957
   792   0.16141010944018843E-02       115351         1703
   793  -0.10924531306309552E-02        83751        66103
   794  -0.25156748241330438E-02        83655        99847
   795   0.11966702675800136E-02       216611         1735
   796  -0.14744406150554925E-02        89761        71203
   797   0.11600835120148553E-02       100039         1707
   798   0.16109804625125807E-02        82615        87555
   799   0.21751891401877738E-02        87715         5827
   800   0.26109937208527367E-02        83627        99847
   801   0.15805389904190276E-02        83875         1957
   802  -0.21194678870057530E-02       165543        83463
   803   0.26526756112334213E-02        20387        69157
   804  -0.10452270157161891E-02       216613        20099
   805  -0.15218725099587849E-02        83685         1763
   806   0.18185731160174857E-02       216611        22147
   807   0.16056383753103470E-02        71395        69157
   808  -0.53296392015049618E-02        82663         3719
   809  -0.20299165332926207E-02         2023        22147
   810  -0.20045129828362373E-02        85795        67111
   811   0.11201638488503021E-02       151203        67143
   812  -0.26089233977355706E-02        85667        91653
   813   0.16150370751410693E-02        83659        83463
   814  -0.10834998062176074E-02        67303         5923
   815  -0.13925898672023816E-02        51079        22147
   816   0.43302428204864494E-02        82607         9891
   817  -0.27790268427936456E-02        87715        67115
   818  -0.16617570824976171E-02        67431        18183
   819   0.60361360135029385E-02        83877        66215
   820   0.56903277329920969E-02        90791         4775
   821  -0.17556356717632930E-02        69349        20101
   822   0.23510486404267959E-02       100007        83467
   823  -0.20003326268893677E-02        86699        83463
   824   0.10199146694537130E-02        83751       134691
   825  -0.16142735461332576E-02        83655        90631
   826  -0.23181606076343067E-02        85699        67143
   827   0.13404422475319663E-02       153251        18055
   828   0.11804210487481707E-02        83635        20101
   829  -0.82677429287108719E-02        87715        85507
   830  -0.15319254699431993E-02       100007        83477
   831   0.81811040826880958E-02        82615         3747
   832  -0.13125299568387209E-02       100135         1863
   833   0.13761945745530580E-02       100007        69187
   834  -0.16470520697074496E-02       149159        71203
   835  -0.14052513785245641E-02       214567         3875
   836  -0.17137203076020115E-02        87717        85509
   837   0.23147345363205619E-02       149191        83463
   838   0.12104215671696868E-02        85667          719
   839   0.94000752244083989E-02        83637         1717
   840  -0.14813354691416379E-02        93857        20099
   841   0.73052893560628567E-02        84647         1831
   842  -0.16080532319348400E-02       118403         1735
   843   0.31642140936729100E-02       214567        18183
   844  -0.18293889550051337E-02        85795        67143
   845   0.10930790218969897E-02        67431        67143
   846   0.26241224552904494E-02        83627       148999
   847   0.21999354912553832E-02       116387          743
   848   0.78455844420530774E-02        85667        87555
   849  -0.27763700743766995E-02        71395        22147
   850  -0.10362568628528178E-02        87687        18085
   851  -0.14889472510944471E-02        84651         2731
   852  -0.26030566524046714E-02        22435        69155
   853   0.10739462891619347E-02       102179        18055
   854   0.11975627232265434E-02        19371        67111
   855  -0.23591313791575677E-02        82855         5671
   856  -0.10992867830374514E-02       218659         1831
   857  -0.11295490077956182E-02       102051        18183
   858   0.51306545098558139E-02        87717         5797
   859   0.13672999741976728E-02        83655        86535
   860   0.62597809432605126E-02        90791         8871
   861  -0.14580261221798887E-02        83635       148999
   862  -0.23842530702344613E-02        85667        67123
   863   0.17822703734041061E-02        69349        22147
   864   0.11561859144962256E-02        83751        20101
   865   0.21843056884130762E-02        87715         5923
   866   0.19900465960934134E-02        93857        83463
   867   0.37846417049701799E-02        87687        34467
   868  -0.16167733143133787E-02         6115        67111
   869   0.21829521926589393E-02        18343        82455
   870  -0.34106963037260222E-02        69347        69155
   871   0.64495859914274886E-02        85667        68135
   872  -0.10586271538600817E-02        85639        21155
   873   0.57405595497825156E-02        87715        18183
   874  -0.17362080975921389E-02        85543        68259
   875   0.16061267300137578E-02        22435        20101
   876   0.23076691601597909E-02       100135        83463
   877  -0.11605519898681058E-02        83655        69157
   878   0.11417060678454900E-02        82615        68135
   879   0.10248472923509802E-02        85667        70195
   880   0.16536731445299612E-02        85667        67115
   881   0.22314185303999666E-01        84647         2727
   882   0.34903969624825301E-02        85669        67143
   883  -0.10129949221086264E-02       100135         1831
   884   0.14083861184438649E-02        71395        66095
   885  -0.20679469807402366E-02       116387         9863
   886   0.44475235117974431E-02        87717         9891
   887   0.31682462198764074E-02        67247        34469
   888  -0.22491558150116359E-02        71395        69155
   889   0.14445195345226560E-02        51079        71203
   890  -0.33747670831051658E-02        83511       131751
   891  -0.28387353734812236E-02        83627        83467
   892  -0.12970880033209551E-02       149287         1863
   893   0.31968204142916214E-02        87715         3875
   894   0.40423636819876462E-02        83599         1679
   895  -0.26363450846440956E-02       216611        69155
   896  -0.25462741205978688E-02        17327        83463
   897  -0.19435539695514046E-02        83751        20227
   898  -0.12374946547576869E-02       214567         9891
   899  -0.13217286001965384E-02       198247        69155
   900   0.27584543755306166E-02        87715        18059
   901  -0.27510856481508133E-02        18095         5671
   902   0.38960057258217201E-02       116387         5767
   903  -0.21152134812073651E-02        20389        69155
   904  -0.34416535345991781E-02        87715        19079
   905   0.89321080943859758E-02        82607       132647
   906  -0.15751871088719434E-02        20387        66095
   907  -0.23039305660186291E-02        85639         9863
   908   0.11071318986730495E-02       151203        67115
   909   0.14841104127241969E-02        87717          687
   910  -0.12970403376067268E-02       100007        69155
   911   0.17022280537706753E-02        85669         3779
   912  -0.16321973061583358E-02       100011        83463
   913   0.22150818874190725E-02        84651        69155
   914  -0.36466865292506404E-02        82607        85507
   915  -0.16926584575331480E-02        87715         6819
   916   0.52136760475334273E-02        86695         2727
   917  -0.58593900312656662E-02        87715          695
   918  -0.10383368736990727E-02       165543         1835
   919  -0.15483481555672793E-02        69347        66095
   920   0.24994175330913101E-02       214567         5797
   921  -0.12895293230525385E-02        34727        67143
   922   0.10606019426749487E-02        84775         1735
   923   0.13070932003495970E-02        83627        90631
   924  -0.13945293214084270E-02        18343        68135
   925  -0.11116229033399884E-02        85795        18059
   926  -0.69374137274260750E-02        18095          935
   927   0.17000679663083844E-02       102051        34439
   928   0.41636892813866171E-02       115343         1703
   929  -0.17453996604078956E-01        82607         5795
   930  -0.18052143630807290E-02        87715        68139
   931   0.27837937527039284E-02        87591         3623
   932   0.20348183833049740E-02        87715        91653
   933   0.11383896585778703E-02        82607        68139
   934   0.26432685212710170E-01        85669        67111
   935   0.13987898152761585E-02        83627       134691
   936  -0.19849360562463401E-02         2023        69155
   937  -0.24282721068114954E-02        87591          935
   938   0.18023104842870225E-02        91687       132771
   939  -0.20593790537215832E-02        83635        71203
   940  -0.17587684259647107E-02        20389        69157
   941  -0.35427423715116159E-02        18343        85509
   942   0.18359693103334506E-02         4067        67111
   943   0.10423170885447411E-02        71395        38531
   944   0.15989176253137988E-02       151203        18183
   945  -0.20769082519055682E-02        85667         6819
   946   0.28536758555662142E-02        83875         1955
   947  -0.12466266312808939E-01        67303       132647
   948   0.10287825087298187E-02        87591        67237
   949   0.23941841950006755E-02        85667        18067
   950   0.42582610174117666E-02       216611        83463
   951   0.23957339373338565E-02        69347         1735
   952  -0.16661694588421304E-02        85667        18059
   953  -0.23908729246437826E-02        20387         1831
   954  -0.12355373930843308E-02        68327         3749
   955   0.12050236202822647E-02        19367         3749
   956   0.27985087435623609E-02       116389        34469
   957   0.11609875239869129E-02        83751        22275
   958   0.14497956185727473E-02       214567        82455
   959   0.15102235340334559E-02       104099         3747
   960  -0.19821020172526281E-02        91813        85509
   961   0.38085774470282981E-02        20389        83463
   962  -0.25304098098536411E-02        83751       148999
   963  -0.11754539279302527E-02        20387        75301
   964   0.23538968272721148E-02        85639        82471
   965  -0.17109221742951787E-02       151203       132647
   966  -0.14823821607339428E-02        85667        68147
   967   0.13456780380712212E-02        85667        34443
   968  -0.12857835752832756E-02        87717        67143
   969   0.10596125276463384E-02       218659        20101
   970   0.13486838918981480E-02       198247        20099
   971  -0.12075970109574760E-02        71395       148999
   972  -0.24276928572555226E-02        69287         1679
   973  -0.10652345937757399E-02       102179        67111
   974  -0.22657383783169509E-02       118405        83463
   975   0.52310076910411030E-02        82615       132647
   976  -0.14430380814744665E-02       198247        22147
   977   0.44245346307774797E-02        83599         1763
   978   0.23221065408421714E-02        20387        20101
   979   0.11678469448204120E-02        82607         3779
   980   0.14846216172073477E-02        85667        19091
   981   0.11326475315761562E-02        53123        67111
   982  -0.11884024803324245E-02        89761        69155
   983  -0.12281131370654173E-02       216613        69157
   984   0.10880022292546353E-02        69349       148999
   985   0.11175674461333378E-02        85673        18059
   986   0.42169149666658676E-02        91783         9863
   987   0.18607307859530523E-02        22435        69157
   988  -0.22599663034940085E-02        22435        22147
   989  -0.20318567548866747E-02        82855       132771
   990   0.10479617622300933E-02        18343        87557
   991   0.10069360533845834E-02        86699         1831
   992  -0.65630947482396501E-02        91813        34439
   993   0.14244426012067137E-02        82607         5797
   994   0.12123058460849216E-02       120451        20101
   995  -0.10763583044090500E-02        51079        69157
   996  -0.68800887774957704E-02        85667        18183
   997  -0.14071805877954890E-02        67303        19079
   998  -0.13987271084501109E-02        87715         3877
   999  -0.13471509131663218E-01        67303          687
  1000  -0.10301433510193788E-02        85667        21139
  1001   0.24265314080300616E-02        20135         1583
  1002  -0.15437305164117431E-02       120451        69155
  1003   0.10306627624145168E-02       102051        67111
  1004   0.66171902528680141E-02        90791         1717
  1005  -0.14746730660045798E-02        83783         1707
  1006  -0.10227639152557498E-02        18343       153091
  1007  -0.26126696890667808E-02        82615        85507
  1008  -0.12092635457218645E-02       214691        67237
  1009   0.24329356699898585E-02        83635        69155
  1010  -0.13064787234947192E-02       102051       132647
  1011   0.12590561565208886E-02       151203        34439
  1012  -0.12975248368076629E-02       100039         1863
  1013  -0.11271852479263227E-02       102051        67115
  1014   0.17628682420524617E-02       118403        20101
  1015  -0.13679114539296240E-02        20389        20101
  1016  -0.10139084816949667E-02       100135         1835
  1017  -0.32276142468816815E-02       218659        83463
  1018   0.12312869036006709E-02        69347       148999
  1019   0.20871697980009013E-02       216611        71203
  1020   0.11183646905652317E-02        88739        67115
  1021   0.39645223609732711E-02        67303        18183
  1022   0.11534054850039777E-02       167587        67111
  1023  -0.12063498421430948E-02        71395        99847
  1024  -0.10154137672621518E-02        85669        68139
  1025   0.12067726021551797E-02        22435        99847
  1026   0.13386205030180857E-02       149159        20099
  1027  -0.24254780816558297E-02        82607        67143
  1028  -0.22422590241586164E-02        22435        20099
  1029  -0.11412497982246394E-02       167587        18055
  1030   0.10477540487477649E-02         4069        67111
  1031  -0.12310571745434867E-02        86695       148999
  1032  -0.87800899619571125E-02        84647         1715
  1033  -0.25096508269103340E-02        83627        86535
  1034   0.18017278431416578E-02        85699        18183
  1035   0.10446171017882246E-02       149191        69155
  1036  -0.36805542453852177E-02        18151       132743
  1037  -0.34314705951772649E-02        20387        20099
  1038   0.52855739246014267E-02       214693        67237
  1039   0.14885647057062015E-02       216611        20101
  1040   0.16605339828935548E-02       214691         3623
  1041  -0.10171093474801276E-02        20387        66103
  1042  -0.24179546458813037E-02        86695        83467
  1043  -0.22570489591578115E-02        87715         5797
  1044   0.36232153446207503E-02        67255          743
  1045   0.20438252153768847E-02        87715        67123
  1046   0.44064288677683212E-02        82855         9767
  1047  -0.10769609070743569E-02       100011         1739
  1048  -0.12759407169059549E-02        84647        22147
  1049  -0.13752382896740087E-02       149159        20227
  1050  -0.10221287279822569E-02        85797        18055
  1051  -0.12891184391306729E-02       132839        18183
  1052  -0.15245126651291412E-02       218659        22147
  1053   0.12945666514573770E-02        17327        22147
  1054   0.10762467935600999E-02       116359        19083
  1055  -0.68754930352124951E-02        82855        67237
  1056   0.13714560735488693E-02        90791        83467
  1057  -0.15738606283253924E-02        69347        17039
  1058  -0.40818736069393527E-02        82615         9893
  1059   0.17316211503130728E-02       216611        69157
  1060  -0.11709737159623932E-02        85667        77345
  1061  -0.11338523626048069E-02       150183         1831
  1062  -0.17660429185493429E-02        83637         1709
  1063   0.29759510972635350E-02        84647        20099
  1064   0.10191265697446904E-02        73379        18083
  1065   0.12119941709624893E-02       218659        69157
  1066   0.10623823776656216E-02       120451        69157
  1067  -0.10247482006652613E-02         2023         1735
  1068   0.31722997188537556E-02       120451        83463
  1069  -0.76499491116190409E-02        85669        85507
  1070   0.13164660151602993E-02        71395         1831
  1071   0.26827265720952157E-02        87591         5671
  1072   0.10046388873208478E-02        84653        69155
  1073  -0.15863151776403280E-02        85669        82447
  1074  -0.16625122074523226E-02       116387         3719
  1075  -0.10688941383853185E-02       222757        83463
  1076  -0.10737361596318466E-02       151235        67111
  1077  -0.10243460785232742E-02       165543         1739
  1078  -0.27409499966979623E-02        22435        71203
  1079   0.11976277756636619E-02       100007       134691
  1080  -0.10881932806855895E-02        85795        67115
  1081  -0.12383640569657976E-02       216613        69155
  1082  -0.19073095418781449E-01        87715          687
  1083   0.25283271862524123E-02       116359        85509
  1084  -0.11074144142232622E-02       102051        18059
  1085  -0.11743768915751611E-02        85667        18069
  1086  -0.11534713320970370E-02        17327        69155
  1087   0.11664686539422885E-02       216613        71203
  1088  -0.26213304842873314E-02        89761        83463
  1089  -0.11185472980914043E-02        85701        67143
  1090   0.44067350575529938E-02        82663         9863
  1091  -0.11621792121506219E-02        83655        71235
  1092  -0.13068681776816271E-02        88739         6819
  1093   0.11523569937614351E-02        84651        20101
  1094  -0.11330708318709134E-02        84653        71203
  1095   0.14062106534811951E-02       116359         3779
  1096   0.50358777937036013E-02        71395        83463
  1097   0.27222543959178787E-02        20387        22147
  1098   0.11378944867257170E-02        82607         3875
  1099  -0.27848265593410056E-02        67303        82447
  1100   0.16890354362375755E-02        85669         3875
  1101   0.12127113897121141E-02        85667          815
  1102   0.10608489473500954E-02        84679         1831
  1103   0.11584072368294128E-02        85667        67125
  1104  -0.16945951064123083E-01        85667        85507
  1105  -0.74887067188960307E-02        69347        83463
  1106   0.10305094709855203E-02        51079        20101
  1107  -0.20326327208540006E-02       118403        69155
  1108   0.28194754741991622E-02       214663        34343
  1109   0.10533828797327923E-02        69347         2731
  1110   0.13697254101268817E-02        83655        84487
  1111  -0.58824795285538703E-02        67247        18085
  1112   0.11935563493216672E-02       216611       148999
  1113   0.18583281193478385E-02        87715        19083
  1114   0.14326966757793563E-02        83751        69157
  1115   0.38463515689716953E-02        87717         9893
  1116  -0.10356013904879516E-02        87715        70187
  1117  -0.31405854302575826E-02       198247        83463
  1118   0.23087027652016678E-02        69347        69157
  1119  -0.10977516884765075E-02        83659         1739
  1120  -0.15541142073360625E-02        20387        17039
  1121  -0.11400075194270859E-02        85673        67115
  1122  -0.13072143133332438E-02        87715        67125
  1123  -0.15799870032631050E-02       213551        83463
  1124  -0.12391413776373359E-02       118405        20099
  1125  -0.11169332143986027E-02       200291        18055
  1126  -0.22775814258835176E-02        71395        71203
  1127   0.23198010098941725E-02        85795        18183
  1128  -0.17319224740167762E-02        84647        20101
  1129   0.41980438949646218E-02        91687         9767
  1130  -0.18059542980454709E-02        84647        84487
  1131  -0.21822750136105758E-02        67303        82455
  1132   0.16154420526471665E-02        66287        22147
  1133   0.13090516026296830E-02        87715        18069
  1134   0.15420404917259726E-02       118403        69157
  1135   0.21362458795394974E-02       118403        22147
  1136  -0.10203988281524590E-02        69347        17047
  1137  -0.17728444859802012E-02        85667         3781
  1138   0.88061121318834656E-02        18151        67207
  1139   0.37302212754904184E-02        82607        87555
  1140  -0.12008722038852333E-02       118405        20101
  1141   0.17705814284469980E-02        20135        69281
  1142  -0.34716762412304730E-02        83599         1765
  1143   0.26598022785468628E-02        69347        20101
  1144   0.18448006984604838E-02        84653        83463
  1145   0.14446591683665428E-02        89761        22147
  1146   0.11133904072186129E-02       151203        18059
  1147   0.10344478343970573E-02        67255        18083
  1148   0.35586226552112177E-02        82607          695
  1149  -0.11613665644336052E-02       198247       148999
  1150  -0.61460294530675686E-02        91811         3749
  1151  -0.17164617194620501E-02        69349        69155
  1152  -0.16004091543287944E-02       102051        67143
  1153   0.30456826454927262E-02        69347        22147
  1154   0.69831077684874591E-02        67303        85507
  1155  -0.11106442993001047E-02        87843          687
  1156   0.10874738720174800E-02        85699        18059
  1157   0.19916141943719292E-02       214567        82447
  1158  -0.17111717314280362E-02        83637       148999
  1159   0.11134378285607518E-02        85667        88579
  1160  -0.11477611268347497E-02        88739        18059
  1161   0.11602986204226427E-02       118405        22147
  1162  -0.21150986477346018E-02        69349        20099
  1163  -0.10824520416390017E-02        20389       148999
  1164   0.40243369170224362E-02        83877         1957
  1165  -0.12106372873431214E-02       116387        18085
  1166   0.14127293081533311E-02       198247        71203
  1167   0.16154264577193098E-02        17327        71203
  1168  -0.11087001724748315E-02        67303        34567
  1169  -0.23591855578903929E-02        82663         5767
  1170   0.10226509609087249E-02        67303       103939
  1171   0.17380075413984375E-02        22435        66095
  1172  -0.14405495286835860E-02        82615        67143
  1173  -0.17693147446602583E-02       120451        20099
  1174  -0.16719746551546132E-02        69287        84515
  1175   0.10149261238593798E-02        69347         1715
  1176   0.20078263012760040E-02        85699        18055
  1177  -0.11248034195317888E-02        84647         1709
  1178  -0.55587468354375601E-02        26279         1591
  1179  -0.17159693138604200E-02        20389        20099
  1180   0.10443801664132752E-02        85673        67143
  1181  -0.10532069542660730E-02        67431         5795
  1182  -0.13282704405586582E-02        83623        83469
  1183  -0.49669677031537246E-02        67303        87555
  1184   0.10944053525442866E-02        87843        67143
  1185  -0.59133527959839734E-02        87715        87555
  1186  -0.11214963132777638E-02        87747          687
  1187  -0.25726500658294457E-02       118403        20099
  1188   0.10433654567065863E-02       165543        20099
  1189   0.13881698425283239E-02        87747        67143
  1190  -0.13864821221503817E-02        87843        18183
  1191   0.26459676574975902E-02       214663        67207
  1192  -0.27900654251990639E-02        85639         5767
  1193   0.19811570164221513E-02         2023        20099
  1194   0.10400507682551028E-02        85701        67111
  1195  -0.12818002524408558E-02       165543         1863
  1196  -0.15431330681553628E-02       218659        20099
  1197  -0.45537417529592410E-02        85669        85509
  1198  -0.13880550562455044E-02        86699        22147
  1199  -0.13822405063894693E-02        67303       101891
  1200   0.27048877954467345E-02        69347        71203
  1201   0.15643123354742057E-02        69347        99847
  1202   0.11628015646492058E-02       120451        17039
  1203   0.10170513233980134E-02        83623        71237
  1204   0.11230274196358159E-02        85797        18183
  1205   0.11402192940366703E-02        20387        20227
  1206   0.12057221396864365E-02        20387        84487
  1207  -0.10089389729388818E-02        84651        99847
  1208  -0.10901243992143966E-02        20389        99847
  1209  -0.17780003540596901E-02       120451        22147
  1210   0.11856206451182217E-02       200291        67111
  1211   0.19940095537735220E-02        87715        82455
  1212  -0.10344113849948609E-02        19367        68135
  1213  -0.10707141166947612E-02        83629         2727
  1214  -0.10294654654482763E-02       149191         1735
  1215   0.52847158577106809E-02       116389        18085
  1216   0.14763397392442629E-02        20389        22147
  1217   0.14816629091839765E-02        69349        71203
  1218  -0.22880920123069973E-02        50855         1639
  1219  -0.11398129491287240E-02        82615        19079
  1220   0.16417790553611578E-02        83751        83477
  1221  -0.13285910338798322E-02        20389         1831
  1222  -0.43049471141825705E-02        82607         9893
  1223  -0.42377920570237232E-02        69347        20099
  1224  -0.15859515881508212E-02        82855        82567
  1225  -0.25291649652231540E-02       214567        85509
  1226   0.14150260727588081E-02        84651        17039
  1227  -0.32189672715589482E-02        85667        82455
  1228  -0.18094649716238463E-02        86695        86535
  1229  -0.11631652270909245E-02        66287        20099
  1230  -0.10322070626988152E-02       118403        66095
  1231  -0.29804434714980942E-02        71335         1679
  1232  -0.12378824531804353E-02        69347         2727
  1233   0.10453304648987806E-02        85669        19083
  1234  -0.11355204962123829E-02        85667        24193
  1235  -0.33051512658130496E-02        85667        82447
  1236  -0.19326911525771391E-02        85669        82455
  1237   0.15377728638810628E-02        67303        19083
  1238  -0.45734030570868224E-02        67495        67207
  1239  -0.10928204830898637E-02        83755         1835
  1240  -0.19898760788456846E-02        67303        91653
  1241   0.15747490603218138E-02       115343        83463
  1242  -0.11842175891781533E-02        83635        69157
  1243  -0.42649623392957909E-02       214567        85507
  1244  -0.11433140277010507E-02        82607        82455
  1245  -0.54955703088659944E-02       116389         3719
  1246  -0.10440695918789247E-02       118405        69155
  1247   0.11086027354721205E-02        85699        67115
  1248   0.10452056022232522E-02       151235        18055
  1249   0.13023474550637412E-02        67303        68139
  1250  -0.10292721418176723E-02       198247        69157
  1251  -0.11112678670468195E-02       202339        67111
  1252   0.17360245225169807E-02        84647        69157
  1253  -0.10951078022516103E-02        87747        18183
  1254   0.11085336883779042E-02        83655        17039
  1255   0.11639893206589792E-02        89761        20099
  1256  -0.17135333264447390E-02       218659        69155
  1257  -0.11412497088643997E-02        73379        82471
  1258   0.41028374685218062E-02        67255         3719
  1259  -0.10379853588049510E-02        85795         3749
  1260   0.10877067679898008E-02        18375        18183
  1261  -0.16259430560208118E-02        83751        90631
  1262   0.10161032333328433E-02        82607        91653
  1263  -0.11772024475513959E-02        69347        26245
  1264   0.10642433176748214E-02       149173        83463
  1265  -0.10272107812161232E-02        67303       151043
  1266   0.10850943419481521E-02        69349        99847
  1267   0.11750886264379492E-02        69347        36483
  1268  -0.15739356805361845E-02        82663        82471
  1269   0.14463167751502790E-02       214567        91653
  1270   0.10413648741115277E-02        87715        21131
  1271  -0.12152708165666531E-02        88739          687
  1272  -0.14779313536790436E-02       120451        71203
  1273  -0.10282276008086644E-02         2023         1831
  1274   0.15919013491172869E-02         2023        20101
  1275   0.19966841372284915E-02        67495       132743
  1276   0.10798997088897566E-02        85543        70307
  1277  -0.11404401950617005E-02        69291        17063
  1278  -0.10252016487270594E-02        69347        75301
  1279   0.11400352671736582E-02        69347        69187
  1280  -0.26045215336411845E-02        71395        20099
  1281   0.14146149561631972E-02        22435        17039
  1282   0.18327609862322722E-02        20135        84611
  1283   0.10427360722302049E-02        69223        66215
  1284  -0.10763352230727359E-02       149163         1835
  1285   0.14598212237926038E-02         4007        82471
  1286  -0.10819837890923122E-02        17327        20099
  1287  -0.12054385290964334E-02        69347        84487
  1288   0.11710072588971333E-02        85667        28289
  1289   0.95676378242974328E-02       214567          687
  1290   0.17463916237080484E-02        71395        17039
  1291   0.25514480854175433E-02        66287        83463
  1292   0.26949922829609969E-02        87687         5767
  1293  -0.22016039490754657E-02       214691          935
  1294  -0.11096826468575730E-02        82607        19083
  1295   0.10648623326329351E-02       100021        83463
  1296  -0.40297676307651537E-02        20135        83589
  1297   0.18610735632512844E-02        71395        20101
  1298   0.17867876295287503E-02        20389        71203
  1299  -0.14461547799596724E-02       116359        91653
  1300  -0.10255897332410824E-02        83655        36483
  1301  -0.21898639929294008E-02       198311         1927
  1302   0.30484523856973951E-02        67247         3719
  1303   0.12502958917232085E-02         2023        66095
  1304  -0.13477339482911002E-02        51079        69155
  1305   0.16055646563291651E-02        83755        83463
  1306  -0.14310716734311250E-02        84651        66095
  1307  -0.11614921105045433E-02       216611        66095
  1308   0.10756923052545970E-02       214567        68139
  1309   0.10835434762903882E-02        55171        18055
  1310  -0.11589290015752316E-02       118403        17039
  1311   0.20014713066737783E-02        91813        87555
  1312  -0.11734486561231065E-02        53123        18055
  1313   0.35028592668752425E-02       214567        87555
  1314  -0.12912700451329902E-02        84659        20099
  1315   0.11346378163525816E-02        85667        73249
  1316   0.44247429673749490E-02        83503         1955
  1317   0.10400306720810281E-02        86699        66095
  1318   0.11583230062087132E-02        83623       149013
  1319   0.38109015500505049E-02       115367         1765
  1320   0.12969572546414608E-02        66287        71203
  1321   0.16915192873959387E-02       214663       132743
  1322  -0.15743078453272486E-02        82615        85509
  1323   0.10170034087036883E-02        89731        17063
  1324   0.11245891596717295E-02       218659        66095
  1325  -0.11296386223980201E-02        55171        67111
  1326  -0.11216733792429033E-02       214567       151043
  1327  -0.11888180091590439E-02        87715        24193
  1328   0.12288393088471978E-02        87715        73249
  1329   0.20391749725502902E-02        85669        91653
  1330  -0.22243313562389671E-02        84651        20099
  1331  -0.10427268007688689E-02       100135        20099
  1332  -0.10475791061321826E-02        67303        24193
  1333  -0.10731392745198041E-02        66287        69155
  1334   0.36968266225074747E-02        87715        82447
  1335   0.10033654407165047E-02       118403       148999
  1336   0.48605536908554519E-02       214567          695
  1337  -0.10435200891416652E-02        91813        91653
  1338   0.12996307289412064E-02        84659        69155
  1339   0.10016808638243053E-02        22183        83587
  1340   0.10428245029632506E-02        22435       136739
  1341  -0.10234313271423017E-02        68327        19079
  1342  -0.12570737555276036E-02         2023        17039
  1343   0.10121765842901801E-02        83627        72227
  1344  -0.10207630083151533E-02       150183         4775
  1345   0.13750599819888230E-02        86699        71203
  1346  -0.10124775745633183E-02        83635       134691
  1347  -0.11347480812926056E-02        84651        69157
  1348  -0.10042462551242534E-02        89761        66095
  1349   0.10135992599644922E-02        83637        22147
  1350   0.16137594281970492E-02        66295        83463
  1351   0.11667376554685260E-02        93857        22147
  1352   0.10009587696238899E-02        90823        83463
  1353  -0.10458615929112105E-02        86699        17039
  1354  -0.10051319805255672E-02       117383         3749
  1355   0.10951942447382282E-02        84653        22147
  1356  -0.10227702594393596E-02        67431          687
  1357   0.15150863335851661E-02       153251         3747
  1358  -0.10105083342712921E-02       216611        17039
  1359  -0.13722095746603758E-02        69349        69157
  1360  -0.10149964958853586E-02        20387         1715
  1361  -0.98724042948649402E-03        84651       148999
