           1           1           1           1   2.00000000000000     
           1           2           2           1  -2.00000000000000     
           1           1           2           2   4.00000000000000     
           1           3           3           1  -2.00000000000000     
           1           1           3           3   4.00000000000000     
           1           4           4           1  -2.00000000000000     
           1           1           4           4   4.00000000000000     
           1           5           5           1  -2.00000000000000     
           1           1           5           5   4.00000000000000     
           1          11          11           1  -2.00000000000000     
           1           1          11          11   4.00000000000000     
           1          15          15           1  -2.00000000000000     
           1           1          15          15   4.00000000000000     
           2           2           1           1   4.00000000000000     
           2           1           1           2  -2.00000000000000     
           2           2           2           2   2.00000000000000     
           2           3           3           2  -2.00000000000000     
           2           2           3           3   4.00000000000000     
           2           4           4           2  -2.00000000000000     
           2           2           4           4   4.00000000000000     
           2           5           5           2  -2.00000000000000     
           2           2           5           5   4.00000000000000     
           2          11          11           2  -2.00000000000000     
           2           2          11          11   4.00000000000000     
           2          15          15           2  -2.00000000000000     
           2           2          15          15   4.00000000000000     
           3           3           1           1   4.00000000000000     
           3           1           1           3  -2.00000000000000     
           3           3           2           2   4.00000000000000     
           3           2           2           3  -2.00000000000000     
           3           3           3           3   2.00000000000000     
           3           4           4           3  -2.00000000000000     
           3           3           4           4   4.00000000000000     
           3           5           5           3  -2.00000000000000     
           3           3           5           5   4.00000000000000     
           3          11          11           3  -2.00000000000000     
           3           3          11          11   4.00000000000000     
           3          15          15           3  -2.00000000000000     
           3           3          15          15   4.00000000000000     
           4           4           1           1   4.00000000000000     
           4           1           1           4  -2.00000000000000     
           4           4           2           2   4.00000000000000     
           4           2           2           4  -2.00000000000000     
           4           4           3           3   4.00000000000000     
           4           3           3           4  -2.00000000000000     
           4           4           4           4   2.00000000000000     
           4           5           5           4  -2.00000000000000     
           4           4           5           5   4.00000000000000     
           4          11          11           4  -2.00000000000000     
           4           4          11          11   4.00000000000000     
           4          15          15           4  -2.00000000000000     
           4           4          15          15   4.00000000000000     
           5           5           1           1   4.00000000000000     
           5           1           1           5  -2.00000000000000     
           5           5           2           2   4.00000000000000     
           5           2           2           5  -2.00000000000000     
           5           5           3           3   4.00000000000000     
           5           3           3           5  -2.00000000000000     
           5           5           4           4   4.00000000000000     
           5           4           4           5  -2.00000000000000     
           5           5           5           5   2.00000000000000     
           5          11          11           5  -2.00000000000000     
           5           5          11          11   4.00000000000000     
           5          15          15           5  -2.00000000000000     
           5           5          15          15   4.00000000000000     
          11          11           1           1   4.00000000000000     
          11           1           1          11  -2.00000000000000     
          11          11           2           2   4.00000000000000     
          11           2           2          11  -2.00000000000000     
          11          11           3           3   4.00000000000000     
          11           3           3          11  -2.00000000000000     
          11          11           4           4   4.00000000000000     
          11           4           4          11  -2.00000000000000     
          11          11           5           5   4.00000000000000     
          11           5           5          11  -2.00000000000000     
          11          11          11          11   2.00000000000000     
          11          15          15          11  -2.00000000000000     
          11          11          15          15   4.00000000000000     
          15          15           1           1   4.00000000000000     
          15           1           1          15  -2.00000000000000     
          15          15           2           2   4.00000000000000     
          15           2           2          15  -2.00000000000000     
          15          15           3           3   4.00000000000000     
          15           3           3          15  -2.00000000000000     
          15          15           4           4   4.00000000000000     
          15           4           4          15  -2.00000000000000     
          15          15           5           5   4.00000000000000     
          15           5           5          15  -2.00000000000000     
          15          15          11          11   4.00000000000000     
          15          11          11          15  -2.00000000000000     
          15          15          15          15   2.00000000000000     
