1.957482402564499901e+00
1.271020519125000137e-01
-4.233114176339999868e-02
-7.568109771110000106e-02
1.271020519125000137e-01
-1.067463330618999978e-01
-7.568109771110000106e-02
-1.620984233869000035e-01
1.271020519125000137e-01
8.252912812500000708e-03
-2.748619844999999982e-03
-4.914078817500000529e-03
8.252912812500000708e-03
-3.465593853750000269e-03
-4.914078817500000529e-03
-1.052527583250000009e-02
-4.233114176339999868e-02
-2.748619844999999982e-03
9.154235872799998657e-04
1.636626348119999807e-03
-2.748619844999999982e-03
2.308421343479999822e-03
1.636626348119999807e-03
3.505426833479999716e-03
-7.568109771110000106e-02
-4.914078817500000529e-03
1.636626348119999807e-03
2.926017900980000183e-03
-4.914078817500000529e-03
4.127076520419999985e-03
2.926017900980000183e-03
3.133562427710000122e-03
6.355102595625000683e-02
8.252912812500000708e-03
-2.748619844999999982e-03
-4.914078817500000529e-03
8.252912812500000708e-03
-6.931187707500000537e-03
-4.914078817500000529e-03
-1.052527583250000009e-02
-1.067463330618999978e-01
2.308421343479999822e-03
4.127076520419999985e-03
-6.931187707500000537e-03
5.821140260180000629e-03
4.127076520419999985e-03
8.839625975180001247e-03
-7.568109771110000106e-02
-4.914078817500000529e-03
8.183131740599999034e-04
2.926017900980000183e-03
-4.914078817500000529e-03
4.127076520419999985e-03
2.926017900980000183e-03
6.267124855420000244e-03
-1.620984233869000035e-01
-1.052527583250000009e-02
3.505426833479999716e-03
-1.052527583250000009e-02
8.839625975180001247e-03
6.267124855420000244e-03
1.342331294018000130e-02
