     1  -0.96594265939027524E+00        83623         1703
     2   0.41018570158377926E-01        18343        67111
     3  -0.23777127745623058E-01        83751         1703
     4  -0.23777127745623055E-01        83623         1831
     5   0.65356853328681994E-02        67495        17959
     6  -0.13370711939802372E-01        18343        34439
     7   0.44569039799341233E-02        51079         1703
     8   0.44569039799341233E-02        50855         1927
     9   0.44569039799341225E-02        34727        18055
    10   0.43776183299625369E-01        67303        18055
    11  -0.25441761805445232E-01        83655         1703
    12  -0.25441761805445235E-01        83623         1735
    13   0.71073403112650781E-02        18151        67207
    14  -0.24512807665502193E-01        20135        66215
    15   0.33909603916247304E-01        84647         1703
    16   0.15132295492309487E-01        83623         2727
    17  -0.24529091743054610E-01        69287        17063
    18  -0.13631909636941126E-01        67303       132647
    19   0.45439698789803747E-02       198311         1639
    20   0.45439698789803747E-02       198247         1703
    21   0.45439698789803739E-02       132839        67111
    22   0.11593177585407444E-01         2023         1703
    23  -0.91337607914869397E-02         2023        83463
    24   0.13038046613195468E-01        83783         1703
    25   0.60296338225028509E-02        18343        67143
    26   0.58739042334929248E-02        18375        67111
    27  -0.18434479290162970E-01        82607         5795
    28   0.46086198225407451E-02        83627         4775
    29   0.46086198225407451E-02        86699         1703
    30   0.46086198225407451E-02        83623         4779
    31   0.46086198225407451E-02        86695         1707
    32   0.46086198225407451E-02        67247        21155
    33   0.46086198225407451E-02        70319        18083
    34   0.46086198225407451E-02        18095        70307
    35   0.46086198225407451E-02        21167        67235
    36  -0.30724132150271623E-02        22187        66215
    37  -0.30724132150271623E-02        71339        17063
    38  -0.30724132150271618E-02        87715          687
    39  -0.30724132150271618E-02        71335        17067
    40  -0.30724132150271614E-02        22183        66219
    41  -0.30724132150271614E-02         5807        82595
    42  -0.17610611301906585E-01        82607        67111
    43   0.58702037673021949E-02        83623        66095
    44   0.58702037673021958E-02        83503        66215
    45   0.58702037673021958E-02        67247        82471
    46  -0.76328856317055818E-02        83623        99847
    47   0.16971088610704232E-01       116359        67111
    48  -0.48717844443957360E-02       116263        67207
    49  -0.44664185346029242E-02       100007        83463
    50   0.24696934578503374E-01       149159         1831
    51  -0.32559515110275258E-02       149287         1703
    52  -0.32559515110275258E-02       133031        17959
    53  -0.18185031556448315E-01        18343       132647
    54   0.25686633294333325E-01       116359        18055
    55  -0.12925935467810765E-01        83623         2731
    56   0.32314838669526879E-02        83627         2727
    57   0.32314838669526913E-02        85667          687
    58   0.32314838669526913E-02        82607         3747
    59   0.32314838669526879E-02        84647         1707
    60   0.32314838669526913E-02        67247        19107
    61   0.32314838669526896E-02        69287        17067
    62   0.32314838669526896E-02        18095        68259
    63   0.32314838669526896E-02        20135        66219
    64  -0.21543225779684606E-02        84651         1703
    65  -0.21543225779684606E-02        20139        66215
    66  -0.21543225779684610E-02        69291        17063
    67  -0.21543225779684610E-02        68271        18083
    68  -0.21543225779684606E-02        19119        67235
    69  -0.21543225779684597E-02         3759        82595
    70  -0.78211750631898883E-03        67495        17991
    71  -0.12673620898548316E-01        83751         1735
    72  -0.42867528827610730E-02        83847         1639
    73   0.11712857465125537E-01        83623         1863
    74   0.90737256093423521E-02        85667         9893
    75  -0.22684314023355893E-02        85669         9891
    76  -0.22684314023355893E-02        93857         1703
    77  -0.22684314023355893E-02        83623        11937
    78  -0.22684314023355876E-02        91811         3749
    79  -0.22684314023355876E-02        69287        26273
    80  -0.22684314023355893E-02        77475        18085
    81  -0.22684314023355893E-02        20135        75425
    82  -0.22684314023355893E-02        28323        67237
    83   0.15122876015570589E-02        91813         3747
    84   0.15122876015570602E-02        28325        67235
    85   0.15122876015570606E-02        77477        18083
    86   0.15122876015570606E-02        75431        20129
    87   0.15122876015570611E-02        26279        69281
    88   0.15122876015570615E-02        11943        83617
    89   0.13870046662143466E-01       165543         1703
    90   0.91257595082391355E-02        83623         7841
    91  -0.58611602627555697E-02        85669         5795
    92  -0.10881997484945231E-02        87717         3747
    93   0.84577212800275702E-02        85667         5797
    94  -0.58611602627555741E-02        87715         3749
    95  -0.58611602627555741E-02        69287        22177
    96  -0.10881997484945218E-02        71335        20129
    97  -0.58611602627555671E-02        20135        71329
    98  -0.10881997484945220E-02        22183        69281
    99   0.39074401751703789E-02        24229        67235
   100   0.39074401751703798E-02        73381        18083
   101  -0.86552033909066792E-03        89761         1703
   102  -0.86552033909066618E-03        73379        18085
   103  -0.86552033909066575E-03        24227        67237
   104   0.39074401751703798E-02         7847        83617
   105   0.11182208014306153E-01       149159         8871
   106  -0.37274026714353842E-02       156327         1703
   107  -0.37274026714353837E-02       140967        17063
   108  -0.37274026714353846E-02        26279       131751
   109  -0.16110156971433365E-01        83623        69157
   110   0.27434911571420428E-01        85669        67111
   111  -0.14574149937169599E-01        85543        67237
   112   0.32493953371825436E-02        69287        83493
   113  -0.10281179150940933E-01        85669         5797
   114   0.34270597169803107E-02        87717         3749
   115   0.34270597169803107E-02        73381        18085
   116   0.34270597169803107E-02        24229        67237
   117  -0.16078610733454856E-01        18343         3749
   118   0.53595369111516201E-02        20389         1703
   119   0.53595369111516210E-02        20135         1957
   120   0.53595369111516218E-02         4007        18085
   121  -0.21042447567930112E-01        83655         1831
   122  -0.25129637822942923E-02        18279        67207
   123   0.41181564794315739E-02        83559         1927
   124  -0.25681348221453311E-03        18151        67335
   125   0.10755908463879120E+00        83623        83463
   126  -0.35178575868098283E-02        86695         1703
   127  -0.90048454039247591E-02        87687        18083
   128  -0.23710036988814388E-02        69347        83463
   129  -0.21176467530335274E-02        22183        99971
   130  -0.23710036988814423E-02        83623        69187
   131   0.54682471055875212E-02        67303        18183
   132   0.15806691325876265E-02        85699        67111
   133  -0.21176467530335291E-02       116387         5767
   134   0.14117645020223504E-02       104071        18083
   135   0.15806691325876276E-02        85667        67143
   136  -0.23710036988814414E-02        69287        83523
   137   0.64172496040028172E-02        67527        17959
   138  -0.19696184117844089E-02        67431        18055
   139   0.14117645020223504E-02       120451         1703
   140   0.18828922479584523E-02        18223        67235
   141   0.15786012808025829E-01        83623        20101
   142  -0.27207166413407622E-01        85669        18055
   143   0.14601087066395435E-01        85639        18085
   144  -0.31799334610136563E-02        20135        83589
   145   0.17063049539763567E-01       214567        18055
   146  -0.56876831799211897E-02       214663        17959
   147  -0.56876831799211889E-02       149159        83463
   148  -0.56876831799211889E-02        83623       148999
   149  -0.27228461645654768E-01        85667         5795
   150   0.90761538818849227E-02        87715         3747
   151   0.90761538818849227E-02        73379        18083
   152   0.90761538818849227E-02        24227        67235
   153  -0.12368663498960821E-01        82615        67111
   154   0.14761233075927225E-01        83623        66103
   155  -0.19173084321143783E-02        83511        66215
   156  -0.47526114485202164E-03        67255        82471
   157   0.16202891484134656E-01       149159         1707
   158  -0.54009638280448835E-02       149163         1703
   159  -0.54009638280448826E-02       132783        18083
   160  -0.54009638280448817E-02        18095       132771
   161   0.18944649507692559E-01       149159         1735
   162  -0.63148831692308553E-02       149191         1703
   163  -0.63148831692308562E-02       132839        18055
   164  -0.63148831692308571E-02        18151       132743
   165   0.19000538909382213E-01       100007         1831
   166  -0.63335129697940700E-02       100135         1703
   167  -0.63335129697940692E-02        67495        34343
   168  -0.63335129697940709E-02        34727        67111
   169   0.11277760373328609E-01       100007         8871
   170  -0.37592534577762030E-02       107175         1703
   171  -0.37592534577762025E-02        75431        33447
   172  -0.37592534577762034E-02        42663        66215
   173  -0.10713794430573300E-01       149159         1717
   174   0.35712648101911010E-02       149173         1703
   175   0.35712648101911015E-02       132791        18085
   176   0.35712648101911019E-02        18103       132773
   177  -0.93537657236500964E-02       149159         4775
   178   0.31179219078833653E-02       152231         1703
   179   0.31179219078833658E-02       136871        17063
   180   0.31179219078833658E-02        22183       131751
   181   0.12089253879267155E-01        82615        18055
   182  -0.40297512930890537E-02        83623        17047
   183  -0.40297512930890546E-02        83607        17063
   184  -0.40297512930890546E-02        18103        82567
   185  -0.28243383719376799E-02        83751         1707
   186  -0.28243383719376773E-02        67495        17963
   187  -0.28243383719376773E-02        18343        67115
   188  -0.28243383719376764E-02        83875         1583
   189  -0.11661581156303402E-01       100007         2727
   190   0.38871937187677998E-02       101031         1703
   191   0.38871937187677993E-02        69287        33447
   192   0.38871937187677989E-02        36519        66215
   193   0.15806691325876265E-02        85575        67235
   194   0.15806691325876260E-02        85543        67267
   195  -0.21176467530335291E-02        87715        34439
   196   0.15806691325876271E-02        85639        67171
   197   0.17669067276665652E-01        82607        18055
   198  -0.58896890922218838E-02        83623        17039
   199  -0.58896890922218838E-02        83599        17063
   200  -0.58896890922218838E-02        18095        82567
   201   0.16705676313001818E-01       100007         1707
   202  -0.55685587710006066E-02       100011         1703
   203  -0.55685587710006057E-02        67247        34467
   204  -0.55685587710006057E-02        34479        67235
   205  -0.86540410769664622E-02        83623       136739
   206   0.21635102692416138E-02        87715       132647
   207   0.21635102692416147E-02       214691         5671
   208   0.21635102692416147E-02        87591       132771
   209   0.21635102692416147E-02       214567         5795
   210   0.21635102692416147E-02        71335       149027
   211   0.21635102692416147E-02       198311        22051
   212   0.21635102692416147E-02        22183       198179
   213   0.21635102692416147E-02       149159        71203
   214  -0.14423401794944103E-02       153251        67111
   215  -0.14423401794944105E-02       202403        17959
   216  -0.14423401794944107E-02       218659         1703
   217  -0.14423401794944107E-02       202279        18083
   218  -0.14423401794944109E-02       153127        67235
   219  -0.14423401794944112E-02       136871        83491
   220   0.19342860138416764E-01        18343         5795
   221  -0.64476200461389237E-02        22435         1703
   222  -0.64476200461389245E-02        22183         1955
   223  -0.64476200461389254E-02         6055        18083
   224  -0.11056848439491094E-01       149159         2727
   225   0.36856161464970316E-02       150183         1703
   226   0.36856161464970320E-02       134823        17063
   227   0.36856161464970312E-02        20135       131751
   228  -0.96100557829770904E-02        85669         9893
   229   0.32033519276590296E-02        91813         3749
   230   0.32033519276590291E-02        77477        18085
   231   0.32033519276590287E-02        28325        67237
   232  -0.14696561640886929E-01        18343         3747
   233   0.48988538802956418E-02        20387         1703
   234   0.48988538802956418E-02        20135         1955
   235   0.48988538802956410E-02         4007        18083
   236  -0.35903358362598834E-02        89635        83587
   237   0.30007490199502409E-01        87715         5795
   238  -0.23710036988814397E-02        83683        69127
   239  -0.34795869822860952E-03        69287        83491
   240  -0.35903358362598839E-02        89731        83491
   241   0.10771007508779655E-01        85667        87555
   242   0.18828922479584523E-02        83755         1703
   243   0.32158527288898330E-02        67255        18083
   244  -0.30252679579711697E-02        10151        18085
   245  -0.35903358362598843E-02        87715        85507
   246  -0.96475581866694981E-02        83623         1715
   247   0.11297353487750713E-01        83623         1835
   248   0.32158527288898330E-02        18103        67235
   249   0.32158527288898326E-02        83635         1703
   250  -0.30252679579711697E-02        26279         1957
   251   0.82480469355183487E-02        85639        18083
   252  -0.63717280903223192E-01        85667        18055
   253   0.55168343430466518E-01        83623        20099
   254   0.30089053723829384E-03        20135        83587
   255  -0.26081036152556566E-01        83623        22147
   256   0.35290500608807479E-01        87715        18055
   257  -0.28243383719376799E-02        67247        18211
   258  -0.20461905232613281E-03        22183        83587
   259  -0.15469747240698085E-02        85795        18055
   260  -0.15469747240698087E-02        85639        18211
   261  -0.15469747240698093E-02        85543        18307
   262   0.23204620861047120E-02        83623        20227
   263   0.14232814723135629E-01        85543         3623
   264   0.25586924318784315E-01        83623        71203
   265  -0.35104154294823310E-01        87715        67111
   266   0.91532638425191951E-02        87591        67235
   267   0.36396613351981729E-03        71335        83491
   268   0.23841680364650970E-01        85669         3749
   269   0.21355360936701793E-01        83627         1707
   270  -0.91855204186569797E-02        82607        34439
   271   0.22963801046642449E-02        83623        33423
   272   0.22963801046642449E-02       115367         1679
   273   0.22963801046642449E-02        83599        33447
   274   0.22963801046642449E-02       115343         1703
   275   0.22963801046642449E-02        67247        49799
   276   0.22963801046642449E-02        98991        18055
   277   0.22963801046642449E-02        18095        98951
   278   0.22963801046642449E-02        49839        67207
   279  -0.15309200697761632E-02        50855        66191
   280  -0.15309200697761632E-02       100007        17039
   281  -0.15309200697761632E-02       116359          687
   282  -0.15309200697761632E-02        99983        17063
   283  -0.15309200697761632E-02        50831        66215
   284  -0.15309200697761632E-02        34479        82567
   285   0.10553572760429484E-01        83623         4775
   286  -0.21176467530335274E-02       100007        22147
   287   0.23204620861047120E-02        83847        20003
   288   0.18828922479584530E-02        67375        18083
   289  -0.21157759964370363E-01        85667         3749
   290   0.70525866547901184E-02        85669         3747
   291   0.70525866547901193E-02        69287        20129
   292   0.70525866547901193E-02        20135        69281
   293  -0.28243383719376764E-02        83627         1831
   294   0.23204620861047138E-02        20359        83491
   295   0.23204620861047120E-02        83751        20099
   296   0.23204620861047138E-02        83875        19975
   297  -0.10730470599863517E-01       214567        34439
   298   0.26826176499658793E-02       214663        34343
   299   0.26826176499658793E-02       247303         1703
   300   0.26826176499658793E-02       198311        50695
   301   0.26826176499658793E-02       230951        18055
   302   0.26826176499658793E-02       149159        99847
   303   0.26826176499658793E-02       181799        67207
   304   0.26826176499658793E-02        83623       165383
   305   0.26826176499658810E-02       116263       132743
   306  -0.17884117666439204E-02       231047        17959
   307  -0.17884117666439208E-02       116359       132647
   308  -0.17884117666439210E-02       181895        67111
   309  -0.17884117666439210E-02       165543        83463
   310  -0.17884117666439204E-02       100007       148999
   311  -0.17884117666439208E-02        50855       198151
   312   0.25312889029222921E-01       100007         1735
   313  -0.26718813158928870E-02       100039         1703
   314  -0.19969126397437146E-01        67303        34439
   315  -0.26718813158928862E-02        34535        67207
   316   0.16168575316428228E-01        67303         3749
   317  -0.53895251054760758E-02        69349         1703
   318  -0.53895251054760758E-02        69287         1765
   319  -0.53895251054760758E-02         3815        67237
   320   0.28971188512128154E-01        18343        18055
   321  -0.54893005736972436E-01        83623        69155
   322   0.63571469762723709E-01        85667        67111
   323  -0.83305053275226776E-02        85543        67235
   324  -0.30252679579711702E-02        26533         1703
   325   0.15470858601240863E-01       116359        34439
   326   0.10863960182388907E-01        83623         1739
   327  -0.27159900455972249E-02        83627         1735
   328  -0.27159900455972241E-02        83683         1679
   329  -0.27159900455972249E-02        83599         1763
   330  -0.27159900455972258E-02        83655         1707
   331  -0.27159900455972249E-02        67247        18115
   332  -0.27159900455972284E-02        67303        18059
   333  -0.27159900455972284E-02        18095        67267
   334  -0.27159900455972249E-02        18151        67211
   335   0.18106600303981505E-02        83659         1703
   336   0.18106600303981505E-02        18155        67207
   337   0.18106600303981516E-02        67307        18055
   338   0.18106600303981516E-02        67279        18083
   339   0.18106600303981510E-02        18127        67235
   340   0.18106600303981501E-02         1775        83587
   341  -0.21176467530335257E-02        50855        71299
   342   0.12686493584004288E-01        82607          687
   343   0.18828922479584519E-02         1967        83491
   344   0.23204620861047120E-02        20263        83587
   345  -0.21176467530335274E-02        71335        50819
   346   0.23204620861047138E-02        20387        83463
   347   0.15441234716864929E-02       132783        82471
   348   0.15441234716864929E-02       198311        16943
   349  -0.23710036988814423E-02        83655        69155
   350   0.90758038739135096E-02        18343         9893
   351   0.18828922479584530E-02        67499        17959
   352   0.84705870121341113E-02        83623        38531
   353   0.14117645020223508E-02       104099        18055
   354   0.15806691325876269E-02        85603        67207
   355   0.15441234716864929E-02       149039        66215
   356   0.94840147955257588E-02        67303        85507
   357  -0.23710036988814380E-02        83559        69251
   358   0.21390306147436679E-01        84647         2727
   359  -0.21176467530335274E-02       116359         5795
   360  -0.10831057893198564E-01       100007         1717
   361   0.36103526310661866E-02       100021         1703
   362   0.36103526310661870E-02        67255        34469
   363   0.36103526310661870E-02        34487        67237
   364   0.30643395435876356E-01        67303        67111
   365  -0.89672046498901811E-02        87715         9893
   366   0.22418011624725440E-02        87717         9891
   367   0.22418011624725440E-02        95905         1703
   368   0.22418011624725440E-02        83623        13985
   369   0.22418011624725440E-02        91811         5797
   370   0.22418011624725440E-02        71335        26273
   371   0.22418011624725440E-02        79523        18085
   372   0.22418011624725440E-02        22183        75425
   373   0.22418011624725440E-02        30371        67237
   374  -0.14945341083150304E-02        91813         5795
   375  -0.14945341083150306E-02        30373        67235
   376  -0.14945341083150308E-02        79525        18083
   377  -0.14945341083150308E-02        75431        22177
   378  -0.14945341083150310E-02        26279        71329
   379  -0.14945341083150313E-02        13991        83617
   380   0.47488309438876906E-01        85667         3747
   381   0.13894992028543589E-01        67303         3747
   382  -0.46316640095145304E-02        69347         1703
   383  -0.46316640095145304E-02        69287         1763
   384  -0.46316640095145313E-02         3815        67235
   385  -0.15469747240698089E-02        85767        18083
   386   0.30532858906087063E-02        75431         1765
   387  -0.91598576718261177E-02        67303         9893
   388  -0.92818483444188447E-02        18343        85507
   389  -0.21006895417139067E-01        85667        85507
   390   0.15441234716864929E-02       198191        17063
   391   0.14117645020223495E-02        38567        83587
   392  -0.23710036988814423E-02        69223        83587
   393   0.15441234716864929E-02       214567          687
   394   0.18828922479584528E-02        18347        67111
   395  -0.21176467530335291E-02        87687        34467
   396   0.14117645020223499E-02        54919        67235
   397  -0.28243383719376782E-02        18095        67363
   398  -0.28243383719376764E-02        83503         1955
   399  -0.35178575868098283E-02        22183        66215
   400  -0.35178575868098283E-02        71335        17063
   401   0.15441234716864929E-02       149159        66095
   402  -0.23710036988814388E-02        69319        83491
   403   0.14117645020223512E-02        54947        67207
   404  -0.15469747240698080E-02        85667        18183
   405   0.30532858906087059E-02        75493         1703
   406   0.30532858906087063E-02         9959        67237
   407  -0.15469747240698087E-02        85891        17959
   408   0.25610221790584260E-01       214567        67111
   409   0.28693671598306967E-01        83655         1735
   410   0.23204620861047120E-02        20135        83715
   411   0.16455338096874904E-01       214567       132647
   412   0.92647408301189602E-02        82607       132647
   413  -0.23161852075297374E-02        83623       131631
   414  -0.23161852075297383E-02       213671         1583
   415  -0.23161852075297374E-02        83503       131751
   416  -0.23161852075297400E-02       213551         1703
   417  -0.23161852075297392E-02        67247       148007
   418  -0.23161852075297400E-02       197295        17959
   419  -0.23161852075297400E-02        18095       197159
   420  -0.23161852075297374E-02       148143        67111
