     1  -0.96069476016421096E+00      4259871      4259871
     2   0.14687231285607026E-01      4325423      4259871
     3  -0.17389055473072762E-01      4325407     33619999
     4  -0.83106572395651515E-02      4325527      4259871
     5   0.11878991390336610E-01      4260111      4325407
     6   0.60211144148939709E-02      4259871      6307863
     7   0.83617384155436937E-02     12648471     71368727
     8   0.52915387439818485E-02      4259871      9437215
     9  -0.69941921976523370E-02      4260887      4325407
    10   0.69509747657282650E-02    272629791    272629791
    11   0.80396235970747743E-02      4259871      4325519
    12  -0.83765863229893767E-02      8650783      4259871
    13   0.13860638574936241E-01      4259871     34078751
    14  -0.93825388867392057E-02      4325407     67174431
    15   0.92693478315554849E-02      4259871     17039391
    16   0.10963779426320099E-01      4259995      4259995
    17  -0.73393854858904281E-02      4259871     67174551
    18  -0.90914039881597776E-02      4194847      4390935
    19   0.50250754265425404E-02      8454199      4259871
    20   0.79542768840280085E-02      4259871      8455191
    21  -0.16513282901563682E-01      4325647      4259871
    22  -0.63681656371919670E-02      4194463      4202527
    23   0.54567150383334623E-02      4259871     33620027
    24   0.53459055153231476E-02      4259871      5243927
    25   0.22559174178827468E-01      4325407      4259871
    26   0.10992696457972032E-01     33685535      4259871
    27  -0.16008794390575929E-01      4260119      4718623
    28   0.84636221462674587E-02     16842903      4259871
    29  -0.12331847999663229E-01      4259871    536879135
    30   0.55785935655322623E-02      4719643      4259871
    31   0.62435556300172350E-02    134283415      4259871
    32   0.12263690083790746E-01      8454175      4456479
    33  -0.67834996460187603E-02      4259871      4456591
    34   0.10972059602141001E-01      8912927      4259871
    35   0.92378854693819512E-02     17039391      4259871
    36   0.53443261664576124E-02      4259871     67239967
    37  -0.59085548859873918E-02      5308439      4202527
    38   0.56556927624709001E-02      4263951     16842783
    39   0.56453415207064223E-02     67174679      4259871
    40   0.52387540367437504E-02     67239967      4259871
    41  -0.53222334487775932E-02      4259871    268632087
    42   0.11199819166044409E-01      4259871     33685535
    43   0.10040826609624775E-01      4259919      4263951
    44   0.14266377650480748E-01      4259871      4325423
    45   0.63587001883423557E-02     33619999      4260123
    46  -0.59101853452651898E-02      5308439      6357015
    47   0.32696299198479689E-01      4259871      8519711
    48  -0.74901236714969722E-02     67174551      4259871
    49   0.91298118899105843E-02      4263951      4263951
    50  -0.80512509853874342E-02      4390935      4202527
    51  -0.68804742439296631E-02      8454175      4260887
    52  -0.99106984592535041E-02      4259919      4260111
    53  -0.60172043035956174E-02      4390939      6357015
    54   0.14452927547358989E-01     16842783     16842783
    55   0.10997065371683740E-01      4259871     33620247
    56   0.14349152064674539E-01      4259871      8454191
    57  -0.50633421566707797E-01      4325407      8454175
    58  -0.19022179746021408E-01      4260119      4325407
    59  -0.10221003279435056E-01     16842831      4259871
    60   0.12113148046347584E-01      4325407     16842783
    61  -0.20330062151251199E-01      4259871      8454175
    62   0.52274672691909824E-02      4259871      4718651
    63   0.10556105603856558E-01      4259871      8454423
    64  -0.88170142470776203E-02      4259871      8454295
    65  -0.82371304838842353E-02      4259871     16908319
    66  -0.59028584189809042E-02      4259871    268443679
    67  -0.81493055382731334E-02      4325407      8519711
    68  -0.72927683045713107E-02      4259871      5243031
    69  -0.14847235523480072E-01     67174431      8454175
    70  -0.92823058504744125E-02    268435999      4259871
    71   0.37014963029071604E-01      4259919      4259919
    72  -0.79087594349164046E-02      4390935      6357015
    73   0.85261811052281325E-02      4259871     16842903
    74   0.70563799966224076E-02      4325903      4259871
    75   0.61732916098518270E-02      4390935      4194591
    76   0.55255196543714576E-02    134283295      4260123
    77  -0.58004876818008970E-02    536871455      4259871
    78  -0.19042827757016254E-01      8454175      4260119
    79  -0.68800939441639479E-02      8454671      4259871
    80   0.85099571906781697E-02      4259871      4456599
    81   0.64748021860975367E-02     33619999     67174431
    82  -0.11596778825587482E-01     33619999      4259899
    83  -0.82961269248940043E-02     16908319      4259871
    84  -0.53265218911338280E-02      8454679      4259871
    85   0.11003830825774210E-01      4259871      4718871
    86   0.10493555293864419E-01      8454423      4259871
    87   0.79100781448826329E-02      4259995      4260119
    88   0.55418606107021422E-01      4390927      4390927
    89   0.11054542361914553E-01      4718871      4259871
    90   0.52994607554025866E-02    281018391      4259871
    91  -0.14799438792438703E-01      5242911      4325407
    92   0.11676333211468871E-01      4259871     16842783
    93  -0.79419259586228745E-02      4259927      4325407
    94   0.14499503844306226E-01      4521999      4390927
    95  -0.58408471228369252E-02    268443679      4259871
    96   0.52951492375527386E-02      4325911      4259871
    97   0.79901562164685514E-02      4259871      4326423
    98   0.10941756405379630E-01      4259871      8912927
    99  -0.19279778458999756E-01      4390927      4390935
   100  -0.15932677970565679E-01      4718623      4260119
   101  -0.77879173133239277E-02     33620239      4259871
   102   0.62813842534680427E-02      4259871    134283415
   103  -0.73595891148757605E-02      5242911     67174431
   104   0.10188067962875528E-01      4260123      4325407
   105  -0.19009206802497514E-01      4325407      4260119
   106   0.99407284572505770E-02      8454175      4260123
   107   0.62969777874620353E-02      4259927      4456479
   108  -0.84548658049250890E-02      4390939      4202527
   109   0.53118397149680315E-02      9437215      4259871
   110   0.17115505794277733E-01     16842783      8454175
   111   0.53291296115020479E-02      5243927      4259871
   112   0.77841915531856954E-02      4325519      4259871
   113  -0.15074925933296198E-01      4259995      4325407
   114   0.21835907391632936E-01     12648471     12648471
   115  -0.64914452078001887E-02     67174431     33619999
   116  -0.83725253142392254E-02      4260119      5242911
   117  -0.80062587760039924E-02      8454175      4259927
   118  -0.89440390832983552E-02      8454295      4259871
   119  -0.16534322081251249E-01      4259871      4325647
   120  -0.71590911825964287E-02      4261903      4325407
   121   0.82056313399825938E-02      8455191      4259871
   122   0.21795130491061392E-01      4390935      4390935
   123  -0.60438005451808339E-02      4261915      4260119
   124  -0.92477117261817159E-02      4259991     16842783
   125   0.52336054021240768E-02      4325407      4259991
   126   0.23304318124413709E-01      8454175      4259871
   127   0.22950158105186261E-01      5308431      4390927
   128   0.10659612744811749E-01      4259871      4325655
   129  -0.12092620183783761E-01     16842783      4259871
   130   0.60342634471698114E-02    134299671      4259871
   131  -0.51137596244343296E-02      4784143      4390927
   132  -0.72181792429672062E-02      5243031      4259871
   133   0.14905214923320725E-01      8454175     67174431
   134   0.17024547708515875E-01      4456479      4325407
   135  -0.83413811116424489E-02      5242911      4260119
   136   0.79491819352177310E-02      4261915      4261915
   137  -0.24759479207532624E-01     33619999      8454175
   138  -0.10142557031133629E-01      4263951      4259919
   139   0.10522872821860249E-01      4325655      4259871
   140  -0.51302481837777114E-02      4259995      4261911
   141  -0.81634628882692791E-02     12648471     21037079
   142  -0.15954001267161382E-01     33619999      4260119
   143  -0.78670074391529281E-02      4259927      8454175
   144   0.75440147327397490E-02      4259871      4718623
   145  -0.17120868600291494E-01      8454175     16842783
   146  -0.12059459080369744E-01      4456479      4259871
   147   0.50929443227153825E-02      4259991      4325407
   148   0.79368434828684057E-02      4259871      8454287
   149   0.74738245931656446E-02      4259871     33619999
   150   0.71420789806542415E-01      8454175      8454175
   151   0.14512074022160567E-01      4456479      4456479
   152   0.71286067833446431E-01      4325407      4325407
   153   0.77245682840914268E-02      4456479      4259995
   154  -0.95517778309492617E-02      4456479      4259991
   155  -0.23065245162544719E-01      4259871      4325407
   156  -0.23017155344505102E-01      4390927      5308431
   157  -0.17180655978021434E-01      4718623      8454175
   158   0.98624132082580796E-02      4260111      4259919
   159  -0.15284468271118354E-01      4325407      4259995
   160   0.74806482203335651E-02      4259871     67174431
   161   0.83712439711421966E-02      4456599      4259871
   162   0.59786943963663396E-02      6291607      4259871
   163  -0.60068243845104105E-02      6357015      4390939
   164  -0.74704057614399513E-02      5242911      4259871
   165   0.69017073421128719E-02     71368727     71368727
   166   0.56480174673300939E-02      4260123      6291487
   167  -0.77532596902384005E-02      4718623      4259871
   168  -0.12743184512736653E-01      8454175      4259899
   169  -0.88061982863827191E-02      4261915      4325407
   170   0.52751860038492979E-02      4259871    281018391
   171  -0.12287713484920968E-01    536879135      4259871
   172   0.11487739712142181E-01     67174431     67174431
   173   0.76504963445632301E-02     16842783      4259995
   174   0.79050580095368327E-02      6357015      4390935
   175   0.56665006058113773E-02      4259983      4259991
   176  -0.84611498640545981E-02      4259871      8650783
   177  -0.74847467751230296E-02      4261915      4259995
   178   0.55332625742369954E-02      4259871     79757319
   179  -0.78367180250934615E-02      4259871     33620239
   180  -0.52098996010804931E-02      4259871      8456215
   181   0.88788120520455795E-02      4259927      4259919
   182   0.63942954450676402E-02      4260123     33619999
   183   0.11037098602664030E-01     33620247      4259871
   184  -0.14495165052912210E-01      4390927      4521999
   185   0.11434060193511042E-01      5242911      5242911
   186  -0.16475257361694608E-01      8454415      4259871
   187  -0.86539079496828243E-02      4259871      4325527
   188   0.77855644358938419E-02      4259995      4456479
   189   0.56492085726073827E-02      5243159      4259871
   190   0.69651746101111285E-02      4259871      4325903
   191   0.52787385324559134E-02      4259871      4325911
   192   0.32628431919374597E-01      8519711      4259871
   193   0.52653845671573572E-02     68157471      4259871
   194  -0.76390760043910039E-02      4718623      4260887
   195  -0.63611213880750304E-02      4259983      4325407
   196   0.90435598764300289E-02      4521999      4521999
   197  -0.15134516926728491E-01      8454175      4259995
   198  -0.50893047689665599E-01      8454175      4325407
   199  -0.99232808024439373E-02      5308431      4390935
   200   0.68934599790015467E-02      4521999      5308431
   201   0.81470690271739140E-02      4522007      4390935
   202  -0.58642405227224735E-02      4259871    536871455
   203  -0.76465105259046267E-02      4260887     33619999
   204   0.13863142781502934E-01     34078751      4259871
   205  -0.74034949094630501E-02     67174431      4259871
   206   0.56854473107824446E-02      4259871     67174679
   207   0.52666633134774892E-02      4259871     68157471
   208  -0.82957381035768003E-02      5308439      4390935
   209  -0.68703034913961949E-02      5308431      4521999
   210  -0.51888440882021970E-02      4259871      4327447
   211   0.11946686835140521E-01      4259871      4456479
   212   0.64100136001399464E-02      4260123      4718623
   213   0.14422556635443265E-01      8454191      4259871
   214   0.23023580300897465E-01      4260119      4260119
   215  -0.68097807193513073E-02      4259871      8454671
   216  -0.52028901280496654E-02      4259871      8454679
   217   0.60999914600553548E-02      4261915      4260123
   218   0.79861652233873467E-02    138477591     12648471
   219  -0.51194056809230129E-02      8456215      4259871
   220   0.19441235966010682E-01     12648471     12648463
   221  -0.94195535179795627E-02      4259871    268435999
   222  -0.12623779681707381E-01      4260887      4260119
   223   0.55959800915556879E-02      4259919      4259991
   224   0.26354415552830201E-01     33619999     33619999
   225   0.59173363258228076E-02    138477591     71368727
   226  -0.50571172322047917E-02      4327447      4259871
   227  -0.19018506817651170E-01      4718623     33619999
   228   0.60844737729210448E-02      4260367      4325407
   229   0.87985575076825941E-02      6357015      6357015
   230   0.61479287694991983E-02      4325407      4260367
   231  -0.77516329420658217E-02      4259995      4718623
   232  -0.58563924609166653E-02     16842783     67174431
   233  -0.81078183007008593E-02      8454175      8519711
   234  -0.24908258011750364E-01      4718623      4325407
   235   0.60256846849990149E-02      4259871      6291607
   236   0.63485921851923780E-02      4718623      4260123
   237   0.14336398300507692E-01      5308431      5308431
   238  -0.10186299799823283E-01      4456527      4259871
   239  -0.71102707374860828E-02     33619999      4259871
   240   0.96535827400806035E-02      4260111      4718623
   241   0.53422528100207792E-02     67175447      4259871
   242  -0.65039956883167068E-02      8519711      8519711
   243   0.11699093185037857E-01      4325407      4260111
   244   0.67118782110020692E-02      4261911      4260119
   245   0.51898552318975786E-02      4325431      4259871
   246  -0.66198999265334180E-02      4456591      4259871
   247  -0.64450676167384655E-02      5242911      4718623
   248   0.12224004509517104E-01     16842783      4325407
   249  -0.95331830938139555E-02      4259991      4456479
   250  -0.69015957201346055E-02      4325407      4260887
   251   0.51328089718871862E-02      4260123      4259995
   252   0.62130959057128980E-02     16842783      4259927
   253  -0.92884915827989700E-02      4718623      4260891
   254   0.58479280688242706E-02     67174431     16842783
   255  -0.92706478582674275E-02     67174431      4325407
   256  -0.65873574064755653E-02      8454175      4259983
   257   0.24907485958232629E-01      8454175     33619999
   258   0.11175288068698103E-01      4202527      4202527
   259   0.72810577909234401E-02      4259871      5242911
   260  -0.10420319016639182E-01      4259871     16842831
   261   0.58904513165873498E-02      6357015      4202527
   262  -0.88217532807602882E-02      8454175      4261915
   263   0.60257958984859163E-02    536936479      4202527
   264  -0.12705186872046342E-01      4259899      8454175
   265  -0.16306040038686166E-01      4259871      8454415
   266  -0.92972738901343985E-02      5242911      8454175
   267  -0.76529272059733975E-02      4259871      4260119
   268  -0.74004780509425256E-02      4718623      4261915
   269  -0.72010679428765600E-02     33619999      4259991
   270  -0.58308267496217031E-02      4456479      5242911
   271   0.68261546544362344E-02      4259871    281018383
   272  -0.78411794160881537E-02      4259871      4718863
   273  -0.15948888921150234E-01      4260119     33619999
   274   0.89991333805158127E-02      4260123      4260123
   275  -0.91065935645467996E-02      4260891      4718623
   276   0.54383185489503272E-02      4718651      4259871
   277   0.55560433591541190E-01     12648463     12648463
   278  -0.77948335370197084E-02      4718863      4259871
   279   0.95379683517718104E-02     12582943       196639
   280   0.79920240958707058E-02      8519711      4325407
   281  -0.93855524494717187E-02     16842783      4259991
   282   0.51504397385659043E-02     12648463     37814287
   283  -0.11284955495990479E-01      4456479     16842783
   284   0.81048185718981831E-02      8519711      8454175
   285   0.14748980579534174E-01      4325407      5242911
   286  -0.59684717499074863E-02     71368727    138477591
   287   0.56766797347784833E-02     16842783      4263951
   288   0.81392638629007655E-02      4326423      4259871
   289   0.12610728289742143E-01      4260119      4260887
   290  -0.80396814214153036E-02      4325407      4259927
   291   0.60525567595157183E-02      4259871    134299671
   292  -0.76811255452283091E-02      4260887      4718623
   293  -0.14579272676899105E-01     12648463     21037071
   294  -0.80927782263203359E-02      4260891      4260119
   295  -0.63588543381581809E-02      4325407      4259983
   296  -0.77542453952765778E-02      4259995     33619999
   297  -0.66399415701077578E-02      8585231      4390927
   298  -0.67014459940465858E-02     16842895      4259871
   299   0.87286613105703684E-02      4259899      4260119
   300  -0.82182011337449887E-02     71368727     12648471
   301  -0.10011436451093947E-01      4325407      4259919
   302   0.56801117673166554E-02      4259871      5243159
   303  -0.89096855156666245E-02      4259919      4259927
   304   0.76163136826762302E-02      4259995     16842783
   305  -0.22951481142812986E-01     12648463     71368719
   306  -0.11697726786368351E-01      4259887      4260111
   307  -0.74232648981518486E-02      4261915      4718623
   308  -0.17302318233887941E-01      8454175      4718623
   309   0.26527509020079370E-01      4718623      4718623
   310   0.64280865560498238E-02      4718623      5242911
   311   0.80201591481290635E-02      8454287      4259871
   312  -0.17386804083185388E-01     33619999      4325407
   313   0.59808542919700929E-02      6307863      4259871
   314  -0.92740957100605360E-02      8454175      5242911
   315  -0.72753711774812928E-02      4259991     33619999
   316  -0.11559396637436931E-01     16842783      4456479
   317   0.11422261572293304E-01      4260887      4260887
   318  -0.19145721551246688E-01     33619999      4718623
   319  -0.11583143353665152E-01      4259899      4718623
   320   0.68841058330953390E-02      5308439      5308439
   321  -0.64641262187802835E-02      4259983      8454175
   322  -0.93187808936871838E-02     33619999      4260891
   323   0.55835796346930941E-02     33621019      4259871
   324   0.10025266416835262E-01      4325407      4260123
   325  -0.67305027784745610E-02      4259871     16842895
   326   0.55784160798803082E-02      4260123    134283295
   327  -0.71444236421050128E-02      8454175      4261903
   328   0.87097439448297152E-02      4260119      4259899
   329   0.11735493341390043E-01      4259919      4259983
   330  -0.72095276746893359E-02      4325407      4261903
   331  -0.50531342562131609E-02      8454175      4260891
   332  -0.72727645198361317E-02      4261903      8454175
   333  -0.74675172543716166E-02      4261915     33619999
   334  -0.87827081401710208E-02      4261915      8454175
   335   0.16024443429648948E-01      4259991      4259991
   336   0.66664768561949589E-02     12648463     12713999
   337   0.91647981870855797E-02     12648471        66079
   338   0.51556321160464288E-02      4390927      4784143
   339  -0.75525167379594067E-02      4260119      4260111
   340  -0.11769653886412842E-01      4259983      4259919
   341  -0.60261492771413461E-02      4260119      4261915
   342   0.20014267553344085E-01      4260111      4260111
   343   0.14329904514844239E-01     71368719     71368719
   344  -0.83009869781456441E-02     67174431      4260119
   345   0.99009624231428638E-02      4260123      8454175
   346  -0.99871966177919966E-02     12648471     71368719
   347   0.82980671840472871E-02      4390935      5308439
   348  -0.12720386773983671E-01      4325407      4259899
   349   0.24757108495188303E-01      4325407      4718623
   350   0.22936725195445234E-01     71368719     12648463
   351  -0.74168851989669356E-02     67174431      5242911
   352   0.12972965898543543E-01     12648463        66079
   353   0.12157055404385704E-01      4456479      8454175
   354   0.59126393853650037E-02      6357015      5308439
   355  -0.15095826363053589E-01      4259995      8454175
   356   0.72070745708076667E-02      4261903      4260119
   357  -0.98728279926596236E-02     71368719     12648471
   358  -0.68932499598841944E-02     71368719     21037071
   359  -0.51700246718890189E-02     37814287     12648463
   360  -0.77243199759805007E-02     33619999      4259995
   361   0.95863110858513956E-02      4718623      4260111
   362  -0.18811019554415238E-01      4260119      8454175
   363   0.60047794371793917E-02      4259991      4276247
   364  -0.99135509574791447E-02      4390935      5308431
   365  -0.17042334058754105E-01      4325407      4456479
   366   0.11662537066506962E-01      4260111      8454175
   367  -0.77466011968696114E-02      4718623      4259995
   368  -0.91515527232037298E-02      4390935      4194847
   369  -0.66589946756203822E-02      4260119      4261911
   370  -0.96511789670105062E-02      4259919      4325407
   371   0.72542109997088882E-02      4260119      4259871
   372   0.55551424371113340E-02     79757319      4259871
   373  -0.72244752421345678E-02      4259991      4718623
   374  -0.80135168978697491E-02     12648471    138477591
   375   0.61229613997508025E-02     12648471        65823
   376  -0.12278034171740150E-01      4259899      4325407
   377   0.81365521615871083E-02      4194463      4390939
   378   0.75006304120013474E-02      4259995      4261915
   379   0.68950946765830960E-02     21037071     71368719
   380   0.52961990035934204E-02      4390927      4390939
   381   0.58186972810811430E-02      5242911      4456479
   382   0.61119458006641267E-02      4259927     16842783
   383   0.78829694507691686E-02      4260119      4259995
   384  -0.19310597170155416E-01     12648463     12648471
   385  -0.80917503463218687E-02      4260119      4260891
   386   0.19250359876341550E-01      4390935      4390927
   387   0.10378111565819319E-01      4390927      4522007
   388  -0.52823855184279253E-02      4261903      4260111
   389  -0.51386982376798816E-02      4276247      4260123
   390   0.14557378254405940E-01     21037071     12648463
   391  -0.74381851843842630E-02     33619999      4261915
   392   0.91217633827951269E-02     21037071     21037071
   393   0.89259613913410946E-02    138477591    138477591
   394   0.66639862341056474E-02      4259983      4259983
   395   0.12676684550613498E-01      4259887      4259887
   396  -0.81434117591256509E-02      4390935      4522007
   397   0.53577731094595253E-02      4259871     67175447
   398  -0.97348300557792700E-02      4259919      8454175
   399  -0.63104342208693308E-02     12713999     12648463
   400  -0.76345221683334838E-02     33619999      4260887
   401  -0.69895825188347645E-02    268632079      4259871
   402   0.84010971094020618E-02      4390935    268501023
   403   0.74954520008741407E-02      4260111      4260119
   404  -0.60870734599246558E-02      4260123      4261915
   405  -0.53690696080174729E-02      6291487    134283295
   406  -0.13152508022174093E-01    272629791     12648463
   407  -0.11602669606057705E-01      4259899     33619999
   408  -0.61676419681688695E-02     12713999     12713999
   409  -0.83014925301709633E-02      4260119     67174431
   410   0.80767096827856072E-02     21037079     12648471
   411  -0.82102353537489414E-02      4260039      4259871
   412   0.62475266148040980E-02      4390927      8585231
   413   0.68691439099890618E-02      4260111      4259983
   414  -0.65361592934885630E-02    536936479      4194463
   415  -0.68520899670404967E-02      4260887      8454175
   416   0.78817972364503257E-02    536936479      4390935
   417  -0.88513571782863759E-02      4325407      4261915
   418   0.17458963463298591E-01     16842783      4259919
   419   0.11703257353833383E-01      4260111      4259887
   420   0.82241748339406985E-02     12648471        73759
   421   0.62259914727033142E-02      4456479      4259927
   422  -0.52137077082149066E-02      4259995      4260123
   423   0.17063286820779358E-01      4259919     16842783
   424  -0.10059704973173624E-01      8454175      4259919
   425   0.10226648902020815E-01     12648463     21037079
   426   0.96132134295462881E-02     33619999      4260111
   427  -0.59316253028988122E-02      4276247      4259991
   428  -0.92739613536811927E-02      4260891     33619999
   429  -0.61599104975530745E-02      8454175      4260367
   430   0.11909541232276919E-01      8454175      4260111
   431  -0.71337777974102975E-02      4259871    268632079
   432   0.58532909459506214E-02    536936479      5308439
   433  -0.51925728510159030E-02      4259899      4260111
   434   0.55289373558913731E-02      4259871      5439495
   435  -0.50351282036265009E-02      4325407      4260891
   436  -0.70525864288168731E-02      4718623      4259991
   437   0.63372807664414674E-02      4202527      4194463
   438   0.11255300097712842E-01    541065247    541065247
   439  -0.55961777409787106E-02      4259991      4259983
   440  -0.89326287596618089E-02    272629791     12648471
   441  -0.59045346247168090E-02      6357015    536936479
   442  -0.59266861037368217E-02      4260367      8454175
   443  -0.80005028673519017E-02      4202527      4390935
   444  -0.52163928250011961E-02    268632087      4259871
   445   0.95622528373614027E-02      4260111     33619999
   446  -0.50539957183319967E-02      4260891      8454175
   447   0.65038342242797805E-02      4194591      4390935
   448   0.11162667228925834E-01    536936479    536936479
   449  -0.68443643926227827E-02      4259983      4260111
   450   0.13105062880101256E-01    268501023      4390927
   451   0.60593758035236396E-02      4202527    536936479
   452   0.79582479558182057E-02      4390935    536936479
   453   0.17569898022828070E-01      4456479      4259919
   454   0.77690041283493341E-02      4194463      4194463
   455   0.17594885012252384E-01      4259919      4456479
   456   0.62233241945588678E-02        65823     12648471
   457   0.90175691265216903E-02    268501023      4390935
   458   0.84302456601989626E-02        73759     12648475
   459  -0.78961000001786796E-02    541065247     12648471
   460  -0.11521348184626095E-01      4718623      4259899
   461  -0.83205972987056599E-02      4202527      4390939
   462  -0.51643325400130965E-02      4260111      4259899
   463  -0.51144452920597163E-02      4261911      4259995
   464  -0.74155867494752007E-02        65599     12648463
   465  -0.59185030982116344E-02      4202527      5308439
   466   0.52800342618694691E-02      4260111      4261903
   467  -0.58743646793787581E-02    536936479      6357015
   468   0.81072979793742096E-02      4390939    536936479
   469   0.55632428680467980E-02      5439495      4259871
   470   0.83895206015919370E-02     12648475        73759
   471  -0.13368029637153549E-01      4390927      4194847
   472  -0.59464036055779292E-02     12648475    138477591
   473  -0.75383604220622524E-02      4390927      4194367
   474   0.58421589206540964E-02      5308439    536936479
   475   0.88571182328076436E-02      4276247      4276247
   476   0.58666988724448326E-02     37814299     37814299
   477  -0.54046497166197801E-02      4390939      4390927
   478  -0.54407893588598599E-02     12648475     12648463
   479   0.56795193205380198E-02      4456479      4263951
   480  -0.61039263905888668E-02       196639    272695311
   481   0.66919384122349924E-02      4261903      4261903
   482  -0.12534661916824043E-01     12648463    272629791
   483  -0.13098823444650213E-01      4194847      4390927
   484   0.56158446306382344E-02      4259871     33621019
   485  -0.58356320893035224E-02    541065247     71368727
   486   0.72117848144324804E-02      4260119      4261903
   487   0.13251804668712786E-01        66079     12648463
   488  -0.60146265187928719E-02    138477591        73759
   489   0.54283305077757098E-02     33620027      4259871
   490   0.59122661045943022E-02      4202527      6357015
   491   0.60453875877206163E-02     71368727        73759
   492   0.57169958542242398E-02      4390939      4390939
   493   0.50954315437550671E-02      4194367      4390939
   494   0.60344038141822067E-02    272695311     12582943
   495   0.91851640751788623E-02        66079     12648471
   496   0.81245026910940783E-02    536936479      4390939
   497   0.66872505956730314E-02    281018383      4259871
   498   0.56545911620518099E-02      4259991      4259919
   499   0.70217735731860995E-02        66079        66079
   500   0.54005265729226860E-02     12648475     12648475
   501   0.56038010030725468E-02      6291487      4260123
   502  -0.65525222271150705E-02      4194463    536936479
   503   0.57802502495997530E-02      4263951      4456479
   504  -0.50557257720826431E-02     21037071        65631
   505   0.56281413831148928E-02      4259899      4259899
   506   0.59235965491187485E-02        73759     71368727
   507   0.10319171095971569E-01      4522007      4390927
   508   0.50377075291435387E-02      4259871     33620119
   509  -0.61642031149786933E-02      8585231      8585231
   510   0.55968161428312201E-02      6357019      6357019
   511   0.10310871879025426E-01     21037079     12648463
   512   0.81085235043601468E-02        73759     12648471
