     1   0.96752443491645979E+00      4259871      4259871
     2  -0.14297606522149694E-01      4325407     16842783
     3  -0.10296448457775446E-01      4260123      4325407
     4   0.54546762673818222E-01      8454175      4325407
     5  -0.16311194108374585E-01      8454175      4259871
     6   0.28599314018379490E-01      4259871      4325407
     7  -0.10378848374746926E-01      4326423      4259871
     8   0.12523142765657818E-01      4456479     16842783
     9  -0.12267528866552588E-01      4259871      8912927
    10   0.15603368291882093E-01      4259995      4325407
    11  -0.11013193311384917E-01      4325655      4259871
    12  -0.11944986607517805E-01     33685535      4259871
    13   0.12041121506990868E-01     33619999      4259899
    14  -0.10302765583045759E-01     17039391      4259871
    15   0.11972895788654960E-01      4259899     33619999
    16  -0.32857425362639407E-01      8519711      4259871
    17  -0.12351962016034782E-01      4259871     33685535
    18  -0.15475265822127413E-01     34078751      4259871
    19  -0.19443076670169424E-01      4325407      4259871
    20  -0.11181270001478377E-01      4259871      8454423
    21  -0.11956405690256735E-01      8912927      4259871
    22   0.19317988687214249E-01      4325407      4260119
    23   0.12412214199338372E-01      4259871     16842831
    24  -0.15298131160307003E-01      4259871     34078751
    25   0.18368379042233766E-01      8454175      4718623
    26   0.18120263900199059E-01      4325407     33619999
    27   0.10431436739617748E-01      4259871      4325527
    28  -0.15265882502610437E-01     16842783     16842783
    29   0.13265174545007514E-01      8454175      4259899
    30  -0.10532608181191172E-01      8454423      4259871
    31   0.13220522133360413E-01      4325407      4259899
    32  -0.11313407589813659E-01      4259871      4325655
    33   0.26180128620224338E-01      4718623      4325407
    34  -0.10409546232346007E-01      4260111      4718623
    35  -0.29294397452083138E-01      4259871      8519711
    36   0.19368609427585566E-01      4260119      4325407
    37   0.16734082645574935E-01      4718623      4260119
    38  -0.14118189509649361E-01      8454175      4456479
    39   0.19688357711288924E-01      8454175      4260119
    40  -0.11167986154653546E-01      8454175      4260111
    41   0.55080157658779140E-01      4325407      8454175
    42   0.11964180339516021E-01      4259899      4718623
    43  -0.12334464098107222E-01      4718871      4259871
    44  -0.12342838137220147E-01      4259871      4718871
    45   0.11194886825998986E-01      5242911      8454175
    46   0.13470514123282826E-01      4259899      4325407
    47  -0.17995490863457173E-01      4456479      4325407
    48   0.15407094273673920E-01      4325407      4259995
    49   0.10699386873889324E-01      8454175      5242911
    50   0.18695674177188343E-01     33619999      4325407
    51   0.16786421185490296E-01     33619999      4260119
    52   0.15391559570770675E-01      8454175      4259995
    53  -0.15153827361735621E-01      4325423      4259871
    54  -0.11732236369357734E-01      4260111      4325407
    55  -0.12295424028557387E-01     33620247      4259871
    56  -0.12511343741794570E-01      4259871     33620247
    57   0.20150264227576965E-01      4718623     33619999
    58  -0.22167957931278782E-01     12648471     12648471
    59   0.27033860740714542E-01      4259871      8454175
    60  -0.15288535814257135E-01      8454191      4259871
    61   0.18719894743495332E-01      4718623      8454175
    62  -0.22514096280662105E-01     12648471     12648463
    63   0.17458253806197459E-01      4325647      4259871
    64   0.20214043026973078E-01     33619999      4718623
    65  -0.75836798953395429E-01      8454175      8454175
    66   0.11105917068871313E-01     12648471     71368719
    67  -0.13876001949229895E-01      4456479      8454175
    68  -0.13625877400339673E-01     16842783      4325407
    69  -0.10219742354654435E-01      4259871     17039391
    70  -0.18045602282308008E-01     16842783      8454175
    71   0.13469614447041969E-01      4259899      8454175
    72  -0.15163934667019046E-01      4456479      4456479
    73   0.19666350270686691E-01      4390927      4390935
    74  -0.10396214833505699E-01     33619999      4260111
    75  -0.13837421057746518E-01      4260119      4260887
    76  -0.10174231542753633E-01      4325407      4260123
    77  -0.25578532400529104E-01      4325407      4718623
    78  -0.10100360130721913E-01      4259871      4456599
    79  -0.11099350401749423E-01      8519711      8454175
    80   0.16916302333311664E-01      5242911      4325407
    81   0.11277642228378572E-01      4259919      8454175
    82  -0.25846674189679016E-01      8454175     33619999
    83   0.18578038490367474E-01      4325407      4456479
    84  -0.76260764601849024E-01      4325407      4325407
    85   0.11079331626939868E-01     67174431      4325407
    86  -0.11703663052427610E-01      4260111      8454175
    87   0.10769250900178870E-01      4325407     67174431
    88   0.17103946017732258E-01     67174431      8454175
    89   0.13877545559360412E-01     12648463    272629791
    90   0.10333653722762078E-01      8454295      4259871
    91  -0.11033143923790073E-01      8519711      4325407
    92  -0.10975479442637366E-01     12582943       196639
    93  -0.11626783387892605E-01      4259871      4456479
    94  -0.16628352815701002E-01      8454175     67174431
    95  -0.10286213930292042E-01     16842903      4259871
    96  -0.10139273266117611E-01     21037079     12648463
    97   0.16261903761015419E-01      4390927      4521999
    98  -0.14156527798650027E-01     12648463        66079
    99   0.12168932616436558E-01      4456527      4259871
   100   0.17790584395640130E-01      4259871      4325647
   101   0.10197664437428530E-01      4259871    268435999
   102  -0.16605827831960168E-01      4325407      5242911
   103  -0.11264145752735389E-01      4325407      4260111
   104  -0.10385614769167193E-01      4718623      4260111
   105  -0.15759250613223738E-01     21037071     12648463
   106   0.26182674219190773E-01     33619999      8454175
   107  -0.60458707098421299E-01     12648463     12648463
   108   0.13852121151611605E-01    272629791     12648463
   109  -0.23979464006989398E-01     71368719     12648463
   110   0.15677022546074223E-01     12648463     21037071
   111   0.16613635675989245E-01      4260119      4718623
   112   0.12013569893544124E-01      4718623      4259899
   113  -0.27733994645183887E-01     33619999     33619999
   114   0.15691963312972772E-01      4259995      8454175
   115  -0.10062317828796991E-01      8454175      4260123
   116   0.23965456523854373E-01     12648463     71368719
   117  -0.61499550828364086E-01      4390927      4390927
   118   0.23935593617781088E-01      4390927      5308431
   119   0.12297782153894345E-01      4259871      4456527
   120   0.18521153139490258E-01      8454175     16842783
   121  -0.11322989728756033E-01      4259871     16842783
   122  -0.27631888198228358E-01      4718623      4718623
   123  -0.18342719822133782E-01      4259919     16842783
   124   0.19814088168639433E-01      4260119      8454175
   125  -0.15695076287551044E-01      4259871      8454191
   126  -0.12063995325106991E-01      5242911      5242911
   127  -0.10094216766636539E-01      4259871      4326423
   128  -0.18211870148959704E-01      4259919      4456479
   129   0.20911232830536329E-01     12648463     12648471
   130  -0.12073328733512701E-01     67174431     67174431
   131  -0.10256553663084060E-01      4260123      8454175
   132   0.16643951305412442E-01      4260119     33619999
   133   0.10721826690347958E-01      5308431      4390935
   134   0.12062859841938235E-01      4259887      4260111
   135  -0.39023903467758352E-01      4259919      4259919
   136   0.12487549719057869E-01     16842783      4456479
   137  -0.15211172873385265E-01     71368719     71368719
   138  -0.18531642961181545E-01      4260111      4260111
   139   0.11067012121180884E-01     71368719     12648471
   140   0.10830988872095205E-01      4259919      4325407
   141   0.13597005880155303E-01    536879135      4259871
   142   0.10841777429691906E-01      4259871      4260039
   143  -0.10420835347216965E-01      4260111     33619999
   144  -0.23858194034803461E-01      4260119      4260119
   145   0.10867796493300939E-01      4263951      4259919
   146   0.17402453459477867E-01      4259871      8454415
   147  -0.15959802905251456E-01      4259871      4325423
   148  -0.23559761458118229E-01      5308431      4390927
   149   0.13380818509210116E-01      4259871    536879135
   150  -0.15185688046611580E-01      5308431      5308431
   151   0.12325555324465930E-01      4259983      4259919
   152   0.10348207304757979E-01      4260039      4259871
   153   0.16957026606079804E-01      8454415      4259871
