     1   0.96217617415771950E+00        83623         1703
     2   0.11244202476592493E-01        18103        67237
     3  -0.37900554517291941E-01        83599         1763
     4  -0.11326139413774672E+00        83623        83463
     5  -0.32709998502668779E-01        67495        17959
     6   0.10532518833140686E-01       100007         4775
     7  -0.69964070386994547E-02        26279        66215
     8  -0.36173935841083124E-01        18151        67207
     9   0.10931116159159959E-01        67255        18085
    10   0.56887167109924704E-01        20135        66215
    11  -0.70137968105614219E-02        75431        17063
    12  -0.65778889214945194E-01        18343        67111
    13  -0.14745586605696227E-01        67247        18083
    14  -0.69414741032531327E-01        67303        18055
    15  -0.77261050657329612E-02       198247         1703
    16  -0.14724935035502259E-01        18095        67235
    17   0.13304285345739460E-01       100007         1717
    18   0.56911052600092868E-01        69287        17063
    19  -0.21160996596578038E-01        84647         2727
    20  -0.15145951894640569E-01       165543         1703
    21  -0.21513210444861222E-01        20135        83589
    22   0.10491657035309299E-01        18103          935
    23   0.73298838750569103E-02        82615         9893
    24  -0.82158246079362656E-02        83627         1717
    25   0.10254013654299572E-01        17335         1703
    26   0.65554871730175157E-02        34727        18055
    27  -0.13787822516313712E-01       149159         8871
    28   0.19592764695760587E-01        18343        34439
    29   0.25216832410225966E-01        82607        67111
    30   0.21853204139644269E-01        83623        99847
    31  -0.31872726598002457E-01       100007         1831
    32   0.18553952181683420E-01       214567        34439
    33   0.18312001955062988E-01       100007        83463
    34   0.77615579217212563E-02        83623         1721
    35   0.20873901615733586E-01       116263        67207
    36   0.66168156290676641E-02       100007         1715
    37   0.10830652543229628E-01       149159         4775
    38   0.14531578845617427E-01        67255        82471
    39  -0.32336266751075531E-01       149159         1735
    40  -0.28395023826090791E-01         2023        83463
    41   0.24853593505928015E-01        82615        67111
    42   0.40974872175402556E-01        87687        18083
    43   0.13804397105417015E-01        87715         9893
    44  -0.58389372991278776E-02       213671        66215
    45  -0.61072408422807374E-01        83623         1863
    46  -0.97022417958906731E-02        83623         8875
    47  -0.11317509864548561E-01        82615         3749
    48  -0.41472667931975571E-01        83623        38531
    49   0.57036180274142978E-01        83623        22147
    50  -0.23679605140547746E-01       214567        67111
    51  -0.27776732933472797E-01       149159         1707
    52  -0.11956249800064657E-01         2023         1703
    53  -0.20482520006691710E-01       214567        18055
    54   0.82296434089030573E-02        82607         9893
    55   0.24982935247211086E-01        18343         3747
    56   0.20457125468016660E-01        18095          935
    57   0.19616569364167252E-01        85639        34469
    58  -0.47234700015684757E-01        83559         1927
    59  -0.28464125297343306E-01       100007         1707
    60   0.11256612856630273E-01         4007        18083
    61   0.14685884794045010E-01        67303       132647
    62  -0.40925553268507504E-01        87591        67235
    63  -0.64120597787705224E-02        82855        67235
    64   0.61478582612322311E-02        82663        18083
    65  -0.68572602102884794E-01        85639        18083
    66  -0.56061067426647973E-02        91813         9893
    67   0.15308979641214781E-01        82607        34439
    68   0.13540711434135580E-01       149159         1717
    69  -0.21685104211059902E-01        83623         8999
    70   0.14493655156270218E-01       149159         2727
    71   0.23894377935648421E-01        83623         1749
    72   0.92295784177821218E-02        82663         3719
    73  -0.13902919446903085E-01       100007         8871
    74  -0.39275712263759574E-01        85639        18085
    75  -0.92056281505846788E-02        67247          743
    76  -0.21830473046982178E-01        83627         1707
    77   0.10813542098180680E-01        67303         9893
    78   0.10132813206978241E-01        82615         5795
    79   0.10660055936808452E-01        83623         4807
    80  -0.57064174652733335E-01        83623        71203
    81  -0.46536290435493760E-01        85667         5797
    82   0.21341982408262548E-01        83511         1957
    83  -0.43416397242373395E-01        83623         7841
    84   0.16822443771828413E-01        18343       132647
    85   0.70533989001861771E-02       100007         1709
    86  -0.50593119307864476E-01        83623         1739
    87  -0.27300206202883506E-01       100007         1735
    88   0.12621583172576605E-01        85669         9893
    89   0.20622732199008099E-01        83623        36485
    90  -0.26996970568785153E-01        83751         1831
    91  -0.13094345160280504E-01        83623         4775
    92   0.73585565528645367E-02        86695         8871
    93  -0.11700973266427068E-01        34479        67235
    94  -0.67291418987984273E-02        90791         8871
    95  -0.91849773001574150E-02        82663        18085
    96  -0.29112463944729956E-01        18343         5795
    97  -0.13339621979948500E-01        85667         9893
    98  -0.19544708554328265E-01        82855         9767
    99  -0.41626566339649534E-01        83623        20101
   100   0.38337678394784781E-01        85667         3749
   101  -0.14863603446836704E-01       214567       132647
   102  -0.26328665123498664E-01        67303        67111
   103  -0.26930972714621488E-01       149159         1831
   104  -0.28549336486910274E-01        67303        18059
   105   0.30877285496151510E-01        22183        83587
   106  -0.92018221839273266E-02         6055        18083
   107  -0.37980362723658907E-01        83503         1955
   108  -0.14266598655961537E-01        18343        74279
   109  -0.85467629701543885E-02        82615       132647
   110   0.17819535685959675E-01        82855         3623
   111  -0.50249454455612484E-01        83623         1835
   112   0.21346583625353539E-01        83607         1765
   113  -0.26466520377913905E-01        18151        67211
   114   0.23367242216074922E-01        83623         2731
   115   0.14283930728779018E-01       100007         2727
   116   0.74471943128123419E-02       149159         1709
   117  -0.45330140845739872E-01        18095        67267
   118  -0.60261267268553118E-01        67303        18183
   119   0.15248793247107621E-01        67255        18117
   120  -0.46074906179016169E-01        67247        18115
   121  -0.27274881521137564E-01       100007        22147
   122  -0.38899550410652142E-01        71335        50819
   123   0.74253705697794386E-02        18343        85509
   124   0.16326211020993461E-01        67303        34439
   125  -0.27336938139550196E-01        18343        18055
   126   0.67650541784166018E-01        85543        67235
   127   0.15162994072809752E-01        83623         1715
   128   0.15909987923743301E-01        83511        66215
   129   0.24546814073316704E-01        83623       136739
   130   0.55866322317895617E-02        67303        67143
   131   0.16530977377417620E-01        83623        26245
   132   0.10326099711267942E-01        67247        82471
   133  -0.14994755194110450E-01        82607         3747
   134  -0.57958753625601805E-02       149159         1703
   135   0.67556604270454608E-02        84647         4775
   136  -0.11842483445801182E-01       100007       148999
   137  -0.14065773502729721E-01        67495        25127
   138  -0.10232411366985003E-01        19119        67235
   139  -0.10260885079697130E-01        68271        18083
   140  -0.13885254286025351E-01        34727        67111
   141   0.85584295496098552E-02        83623        36483
   142  -0.98747886955237001E-02        82607         3749
   143   0.83248464021485873E-02       181799        67207
   144   0.47861943902882793E-01        85667         5795
   145  -0.21318585093421990E-01        18279        67207
   146   0.12836445148336892E-01        69287        50821
   147  -0.31621825703234623E-01        67495        17991
   148  -0.82644260009211920E-02        83627         1709
   149   0.74572311404252790E-02        83623        22149
   150  -0.13544538565121262E-01       132839        18055
   151   0.62263252142286587E-02        83635         1717
   152   0.11434579257814822E-01        69287        17067
   153  -0.23488511041367548E-01        50855        71299
   154  -0.10695879294551720E-01        18151       132743
   155   0.15392094676119046E-01        69287        20129
   156  -0.14439676666558196E-01        83623         8903
   157   0.65189434311884203E-01        82607         5795
   158  -0.10024586018367122E-01        82607         9891
   159  -0.15377261432346577E-01        82607       132647
   160  -0.12013598976374513E-01        86695         4775
   161  -0.44943309752338748E-01        67247        18211
   162   0.11460244570921900E-01        20135        66219
   163  -0.34528209569325473E-01        18343        67143
   164  -0.31228583626958278E-01         1775        83587
   165  -0.71986763988953102E-02        67247        34467
   166   0.54829569339516901E-02        18343        18183
   167  -0.24912432521869827E-01        82615        18055
   168  -0.20035043681231240E-01        18127        67235
   169  -0.12817625354738045E-01        82607          687
   170  -0.37279861732192131E-01        22183        99971
   171  -0.10195205295755223E-01        83637         1717
   172   0.38510536650749723E-01        85543        67237
   173  -0.72128110379720790E-02        83623       165383
   174   0.24052425047109260E-01        83623         1845
   175  -0.30498859087824948E-01        71335        83491
   176  -0.20765439179338083E-01        67279        18083
   177  -0.22795195110539495E-01        85669         3749
   178  -0.26267029359579450E-01        67495        17963
   179  -0.53387105823079088E-01        18151        67335
   180   0.22088786406813121E-01        73379        18083
   181   0.10570008510452486E-01        83623         4903
   182  -0.12626652929964196E-01        82615         3747
   183  -0.10507614293895764E-01        67495        34343
   184   0.15312238350534108E-01        20135        69281
   185  -0.29708082109408635E-01        87715         5795
   186   0.15491343771318491E-01        18103        67365
   187  -0.43485042207108603E-01        20135        71329
   188   0.39611201271719493E-01        18095        70307
   189   0.85687867383994667E-02        82615        34439
   190   0.11249129873287802E-01        83623         2855
   191   0.12933345524835467E-01        18343        68135
   192  -0.12622938603646201E-01        83623         1709
   193  -0.25494044700502407E-01        82607        18055
   194  -0.10830022131049069E-01        18343         9893
   195   0.94951653205762321E-02        82855        67237
   196   0.77593028976971640E-02        20135         1955
   197   0.39450709216270433E-01        67247        21155
   198   0.15813710366989146E-01        67255        18213
   199  -0.27004921283358924E-01        83655         1735
   200   0.13714462303357879E-01        91783        18085
   201   0.18842158499383595E-01        87591       132771
   202   0.32729071405420106E-01        67303         5795
   203  -0.45215824705094491E-01        18095        67363
   204  -0.28824890853175304E-01        38567        83587
   205   0.12888081480747497E-01        20135        99973
   206  -0.43452780352514049E-01        69287        22177
   207   0.18755364617984979E-01        17327         1703
   208  -0.24882566858038635E-01        67431        18055
   209   0.11027280373281111E-01        67495        18983
   210  -0.25859370808005322E-01        73379        18085
   211  -0.10363111888706993E-01        85667        85509
   212  -0.48093915195804866E-01        85667         3747
   213   0.16904728597716488E-01        83623         4779
   214  -0.25950384150232160E-01        24227        67237
   215   0.99061999836757546E-02        67303        87555
   216  -0.14106405366746866E-01        18103        82567
   217   0.29540493157034942E-01        21167        67235
   218   0.13760067887282184E-01         1967        17063
   219   0.12593267813575372E-01        85669         5797
   220  -0.56605143041600281E-02        82855          935
   221  -0.27531720223740275E-01        18343        67115
   222  -0.30521986446604369E-01         7847        83617
   223   0.21929128709427013E-01        18343         3749
   224  -0.15711582670437128E-01        83607        17063
   225  -0.14287825998967565E-01        67303        85507
   226  -0.68503142367382234E-02        82607        87555
   227  -0.10141006836112264E-01        18343        87555
   228  -0.61619155547895932E-02       115367        17063
   229   0.13793829110788877E-01        22183       198179
   230  -0.11311917072220250E-01       132783        18083
   231   0.10541336146173403E-01        26279        83589
   232   0.14196671308365069E-01        71335       149027
   233   0.14175288495526794E-01        18343        85507
   234   0.19260945007229902E-01        85667        85507
   235   0.62876888519633597E-02         4007        18085
   236   0.75345315833609703E-02         1975        17063
   237   0.22144975498669912E-01        24227        67235
   238  -0.11023150823065474E-01        85543       132773
   239   0.40693816177991365E-01        83623        69157
   240  -0.30526666159464168E-01         1967        83491
   241  -0.69292790056468675E-02        18095       132771
   242  -0.97215955210744366E-02        85667        87555
   243  -0.30688566226060646E-01        87687        34467
   244   0.75698142449116528E-02        87715        87555
   245   0.11168846734664489E+00        83623        69155
   246  -0.16846231115143544E-01        54919        67235
   247   0.15035619777897444E-01        83623         2727
   248   0.58969763260986789E-01        69287        83491
   249  -0.20230349022983162E-01        18223        67235
   250  -0.24880157446756927E-01        67303         3747
   251  -0.23411607412568442E-01       116359        18055
   252  -0.12496106449488897E-01        83623       134693
   253  -0.19791316051047780E-01        67375        18083
   254  -0.10320820372736616E-01        18095        82567
   255  -0.81015344844066993E-02        87715        85509
   256   0.20494507273326138E-01        69287        83493
   257  -0.11564764637267558E-01         3815        67235
   258   0.10003359406476609E-01        87715        85507
   259  -0.11315930868455872E-01        83623        75301
   260  -0.14689941423292887E-01       116359        34439
   261   0.29378015921264069E-01        70319        18083
   262  -0.19284760086165222E-01       104071        18083
   263  -0.82305300414685298E-02        91687        67237
   264  -0.21695216326610971E-01        67303         3749
   265   0.20836488706133725E-01         5807        82595
   266   0.67563256181974165E-02        20387        69155
   267  -0.21538166878288002E-01        71335        20129
   268  -0.84092378708039376E-02        69287         1763
   269  -0.60887933819626207E-02         3815        67237
   270   0.12801575929699827E-01         5863        67235
   271  -0.12261258577105338E-01        82663         9863
   272  -0.75714849564123537E-02        83623        71205
   273  -0.11249917418636686E+00        83623        20099
   274  -0.14237976682800565E-01        85639         3719
   275   0.68757738299254660E-02        69347        20099
   276  -0.79228010133601378E-02        83623         1735
   277  -0.60164267514463195E-01        20135        83587
   278  -0.65402584398016632E-02       116359        85507
   279   0.68102261989156331E-02       100007        20099
   280  -0.21594326526313986E-01        22183        69281
   281   0.72260862274229343E-02        83623        84487
   282  -0.70547419688058938E-02        67303        25223
   283   0.65130599886594580E-02        71335         1763
   284   0.62618774649536415E-02       214567        85507
   285   0.15638449215829426E-01        18103        67269
