     1   0.98639592826040412E+00         2371         2371
     2   0.66152202810207316E-02         2371         4419
     3  -0.65654298963034206E-02         2627         2371
     4  -0.17008496342154308E-02          331          331
     5  -0.65735823170788125E-02         2435         2371
     6   0.65757983557055534E-02         2371         2435
     7   0.87831313731527184E-02         8459         2371
     8  -0.73727144923000096E-02        16459         2371
     9  -0.22579277894465209E-01         2691         2371
    10   0.80867032350783550E-02         2371        26627
    11  -0.10944204211306384E-02         2371        14593
    12  -0.66148354725035401E-02         4419         2371
    13   0.23805083927102458E-02         2371         2465
    14  -0.14682072024611923E-01        16467         2371
    15  -0.14979334902295496E-01         2315         2315
    16   0.23805624428145837E-02         2465         2371
    17   0.11918250646515273E-02          339         6465
    18   0.12177202127761418E-01         2371         2437
    19   0.80871664975125032E-02        26627         2371
    20   0.10893212242994792E-02         2371        17217
    21   0.10690305252649543E-02         3265         2371
    22  -0.22637698621634936E-01         4675         2371
    23  -0.22606512012710279E-01         2371         4483
    24  -0.10778971834424066E-02         2371         3841
    25  -0.43562468917467045E-02         2627         2401
    26   0.87812771132255857E-02         2371         8459
    27  -0.10946385676926505E-02         2371        22593
    28   0.10781231708830614E-01        10499          339
    29   0.16462929781269047E-01         3083         2371
    30   0.10690472733519178E-02         2371         3265
    31   0.23809715669109912E-02         2371         4449
    32  -0.73728830164156035E-02         2371        16459
    33  -0.70193995158980187E-02         6403          451
    34  -0.80941093514255748E-02        17667         2371
    35  -0.23525330090107092E-01         4419         2373
    36  -0.29121145731508423E-02         2371         2373
    37   0.66084077012218169E-02         2371         2627
    38  -0.10948598762085934E-02        14593         2371
    39   0.16463196558948685E-01         2371         3083
    40   0.10877640336003516E-02         8641         2371
    41  -0.22611844070492340E-01         2371         2691
    42  -0.10775987036751552E-02         3841         2371
    43   0.23811882413567729E-02         2371         2657
    44  -0.54512081893783515E-02        18753        18753
    45  -0.70199366339795243E-02         6211          835
    46  -0.43563054155438038E-02         2435         2401
    47   0.11198149248982802E-01         2881         2119
    48   0.23805601665128494E-02         2657         2371
    49   0.12179374335729723E-01         2371         4421
    50  -0.84512343284420324E-02         2315         3139
    51   0.12208450252934266E-01         4421         2371
    52   0.10876026269464887E-02         2371         8641
    53   0.10183507937265329E-01        16707         2123
    54  -0.13851257374516777E-01         2371         8467
    55  -0.80838250099008035E-02         2371         9283
    56  -0.12112834916656416E-02         4433         2371
    57  -0.77035213109226163E-02         2131         3331
    58  -0.14681844101608632E-01         2371        16467
    59  -0.22639382948966568E-01         4483         2371
    60  -0.10944949920883077E-02        22593         2371
    61  -0.22638757815994712E-01         2371         4675
    62  -0.80939612557804283E-02         2371        17667
    63  -0.40609424090253324E-02         2243         2243
    64   0.19710782090121008E-02         6465          355
    65  -0.22581204517562871E-02         1347        18691
    66  -0.40615002519639549E-02         2819         2819
    67  -0.70193717484997838E-02          451         6403
    68   0.28582022010966413E-02         8515         2323
    69   0.10424643160168781E-02         2633         2371
    70   0.10429249375419735E-02         2371         2633
    71   0.22578984564271846E-02        18691        10307
    72   0.23814774445661230E-02         4449         2371
    73   0.11198692458090072E-01         2311         2497
    74  -0.22579117530080401E-02         1347        10307
    75  -0.27927786334816219E-02        18499          331
    76   0.35768890758649387E-02         2401         2373
    77  -0.43558201503041153E-02         2401         4419
    78   0.10367811149142014E-01        16707         3331
    79  -0.17485276171485261E-01         2373         2373
    80   0.10780915682365283E-01          339        10499
    81   0.12175960984838979E-01         2629         2371
    82  -0.77421884213642860E-02         3331         2123
    83   0.12205762834676295E-01         2371         2629
    84   0.19711692743265238E-02         2881         2147
    85  -0.14077588903629007E-01         8515         8515
    86  -0.13787164739879381E-01         8467         2371
    87  -0.10367310916661491E-01        10499        18499
    88  -0.10987457240980785E-02         2371         2441
    89  -0.80837105627226038E-02         9283         2371
    90  -0.70319295431989235E-02         2243         2819
    91   0.68633624903456413E-02         3139         2323
    92  -0.40821377778845159E-02         6403         6403
    93  -0.23517041201062246E-01         2627         2373
    94  -0.41046506705482481E-01         4419         4419
    95  -0.10521195230996816E-01         2315         8515
    96  -0.10988971419458476E-02         2441         2371
    97   0.12177426219405863E-01         2437         2371
    98   0.10361864049205317E-01         3139         8515
    99  -0.10521793464868029E-01         8515         2315
   100  -0.22580984075468531E-02        18691         1347
   101   0.29102724698049846E-02         2373         2371
   102  -0.23531976775134904E-01         2373         2627
   103   0.20093068809725560E-02         2339         2311
   104  -0.64126421074632949E-02         2131         2131
   105   0.10367767763849227E-01         3331        16707
   106  -0.40566152340514045E-02          835          835
   107  -0.43557929306254064E-02         4419         2401
   108  -0.12106700815272143E-02         2371         4433
   109   0.10183140641506242E-01         2123        16707
   110   0.76719719195938590E-02         2131         2123
   111  -0.10157129853489283E-02         2123         2881
   112  -0.77037397695037500E-02         3331         2131
   113   0.19710052789599203E-02          355         6465
   114   0.10358665078513385E-01         8515         3139
   115  -0.14087795282787008E-01        10499        10499
   116   0.10889550610356136E-02        17217         2371
   117   0.17209953880419067E-02          331        10499
   118  -0.10372496281834816E-01        18499        10499
   119  -0.23510837881781994E-01         2373         4419
   120   0.29809874146093669E-01         2435         2627
   121  -0.43562903023833489E-02         2401         2627
   122   0.28589651028364830E-02         2323         8515
   123   0.11196733909278871E-01          327         6465
   124   0.11196546092182579E-01         6465          327
   125   0.29844863539195916E-01         4419         2435
   126   0.29847920568436378E-01         2435         4419
   127  -0.14885657933825566E-02         3083         2627
   128   0.29848359108727837E-01         2627         4419
   129   0.17021834763205630E-02         4421         4421
   130   0.12114995658719797E-02         2435         8467
   131  -0.41066436788160077E-01         2627         2627
   132   0.10143214139125675E-02         2881         3331
   133   0.29833064816581524E-01         4419         2627
   134   0.13535907543388626E-02         2627         4485
   135   0.12645587810728215E-02         8467         4419
   136  -0.10614560120696061E-02         2435        16467
   137   0.11438582475912856E-02         4419         4675
   138  -0.28309483538726979E-02         4675         2691
   139   0.17223210539636859E-02         2373         4739
   140   0.39115630929353893E-02         2131        16707
   141  -0.11558288026782015E-02         4675         2627
   142  -0.11458119337899989E-02         4675         4419
   143   0.12251070838455547E-02         8467         2435
   144   0.20554976046264209E-02         4421         4675
   145  -0.14888027440956564E-02         4419         4485
   146   0.24765535420672798E-02         2627         4739
   147   0.29822282444577883E-01         2627         2435
   148  -0.23518409784922915E-01         2373         2435
   149  -0.14891960344145438E-02         2627         3083
   150  -0.43563123086304443E-02         2401         2435
   151  -0.11518316033846438E-02         2691         2627
   152   0.11533196133900886E-02         2627         2691
   153  -0.14876786420410749E-02         4677         4419
   154   0.13532848638864465E-02         2693         4419
   155   0.11561562437358663E-02         2627         4675
   156   0.10712083526392615E-02         2497         2315
   157   0.13208911202996832E-02         4419        16467
   158  -0.14875939132997194E-02         4485         4419
   159   0.11198688667077121E-01         2497         2311
   160   0.12898417817160195E-02        16467         2627
   161  -0.18028823423649209E-02         2629         4483
   162   0.19713689598674826E-02         2339         2497
   163  -0.13539598615342293E-01         2123         2123
   164  -0.14889900391541317E-02         4677         2627
   165   0.33289959889668112E-02         4483         4483
   166  -0.10141067887928213E-02         2497         3139
   167  -0.14939308737618464E-02         3083         2435
   168  -0.35768793811749760E-02         2373         2401
   169  -0.28306012498296143E-02         4483         2691
   170  -0.28305695828328911E-02         2691         4675
   171   0.13209249023659565E-02        16467         4419
   172   0.20702941093444609E-02         2437         4483
   173   0.20547896472848663E-02         2629         2691
   174   0.24765026453906908E-02         2435         4739
   175  -0.17875478696689070E-02         2437         4675
   176   0.24768656597457558E-02         4739         4419
   177   0.11447728582515203E-02         4419         4483
   178  -0.14889225422869807E-02         4419         4677
   179   0.39117477833575404E-02        16707         2131
   180   0.12857694388587527E-02         2627        16467
   181  -0.11462968508491498E-02         4483         4419
   182  -0.28301564103229773E-02         2691         4483
   183   0.20552218177983823E-02         2629         4675
   184  -0.70195893288837871E-02          835         6211
   185   0.24762683555225170E-02         4739         2627
   186  -0.12655350237757645E-02         4421         2629
   187   0.20551875753378589E-02         4483         4421
   188   0.33294015554846635E-02         4675         4675
   189   0.33273058326314629E-02         2691         2691
   190  -0.13080905082348438E-02         2401         2401
   191  -0.22578556360975544E-02        10307         1347
   192   0.10236816092745998E-02         4677         2373
   193  -0.76411840845063790E-02         2497         2497
   194  -0.14086944994757100E-01        18499        18499
   195  -0.12844432192947617E-02         2437         2629
   196  -0.28311194332946883E-02         4483         4675
   197  -0.76719092295631794E-02         2123         2131
   198  -0.12024920724077030E-02         3083         4419
   199  -0.14083788635488119E-01        16707        16707
   200   0.10552629910180680E-01        18499          339
   201   0.10547714061407450E-01          339        18499
   202   0.68422033131376424E-02         2315         2323
   203   0.10613834266238360E-02        16467         2435
   204   0.20701622245767174E-02         2691         2629
   205   0.12023644373193490E-02         4419         3083
   206  -0.14547740920006240E-02        10307        10307
   207   0.24765916736211894E-02         4739         2435
   208   0.20551528314807781E-02         4675         4421
   209   0.10237150984093515E-02         2373         4677
   210  -0.68430953585772118E-02         2323         2315
   211   0.24767886948696264E-02         4419         4739
   212   0.19713655170435040E-02         2497         2339
   213  -0.14870665547354945E-02         2627         2693
   214  -0.17877818797761554E-02         4483         2629
   215  -0.17881849472922806E-02         4421         2691
   216  -0.28310484169259869E-02         4675         4483
   217  -0.14877535355016273E-02         2435         4485
   218   0.11913025818724109E-02         6465          339
   219  -0.14878046942889502E-02         4485         2435
   220   0.20706955772083263E-02         4421         4483
   221  -0.41063384882988448E-01         2435         2435
   222  -0.11528589557928280E-02         2691         2435
   223  -0.11574201467969031E-02         4483         2435
   224  -0.14878391985524806E-02         2627         4677
   225   0.17209006428302947E-02        10499          331
   226  -0.14882016721237559E-02         2693         2627
   227   0.20698340113804868E-02         2691         2437
   228  -0.14938753791488020E-02         2435         3083
   229  -0.12847849765057113E-02         4421         2437
   230   0.11561796825010206E-02         2435         4483
   231  -0.11866768327297291E-01         2311         2311
   232   0.20555055728266993E-02         4675         2629
   233  -0.20093033895948313E-02         2311         2339
   234   0.13534282990532896E-02         2435         4677
   235   0.20088252807344193E-02          355          327
   236  -0.14061680298982306E-01         3139         3139
   237   0.17223051964986354E-02         4739         2373
   238   0.68581075079293310E-02         2323         3139
   239  -0.20093109805086580E-02         2119         2147
   240   0.11524503515184105E-02         2435         2691
   241  -0.12996460693397852E-02         2437         4421
   242  -0.77419530831782666E-02         2123         3331
   243  -0.76149036995616249E-02         6465         6465
   244  -0.14551195491530112E-02         1347         1347
   245   0.20552088012373232E-02         4483         2437
   246  -0.17876656239410997E-02         4675         2437
   247   0.20093532887725564E-02         2147         2119
   248   0.13534813871662389E-02         4677         2435
   249  -0.18031507835552432E-02         2691         4421
   250  -0.12993984607103345E-02         2629         2437
   251  -0.76402224904393050E-02         2881         2881
   252  -0.14871046311437717E-02         2693         2435
   253  -0.49459393721090865E-02         2323         2323
   254  -0.14870991578241114E-02         2435         2693
   255  -0.20088119531164409E-02          327          355
   256   0.12509858428329183E-02         4419         8467
   257  -0.14546648864048005E-02        18691        18691
   258  -0.40768615789255024E-02          451          451
   259   0.13543911193833018E-02         4419         2693
   260  -0.14085296290832411E-01         3331         3331
   261   0.17027270044212494E-02         2629         2629
   262  -0.84509166228168651E-02         3139         2315
   263  -0.54216529385503909E-02         3393         3393
   264   0.13546226367743379E-02         4485         2627
   265  -0.12953492704179637E-02         2629         4421
   266  -0.11867169230917473E-01         2119         2119
   267   0.22578472157944586E-02        10307        18691
   268  -0.27928774836257961E-02          331        18499
   269  -0.23518426092299087E-01         2435         2373
   270  -0.40818335140928048E-02         6211         6211
   271   0.11198429669701507E-01         2119         2881
   272   0.19713389074890201E-02         2147         2881
   273   0.10712336606647256E-02         2315         2497
   274   0.10151179585392673E-02         3331         2881
   275  -0.70316437735754899E-02         2819         2243
   276  -0.54501045310136097E-02        10561        10561
   277  -0.10149667069309486E-02         2881         2123
   278  -0.11865298275252935E-01          327          327
   279   0.10235777712496424E-02         4485         2373
   280   0.17174279989350383E-02         2437         2437
   281  -0.54353201744286933E-02         2385         2385
   282   0.20546597652319112E-02         2437         2691
   283  -0.10140518299765660E-02         3139         2497
   284  -0.18495502851889799E-01          339          339
   285   0.10703166544206470E-02          339          595
   286   0.10702939130101622E-02          339          403
   287  -0.10622925921313004E-02          595          339
   288  -0.10703289390354492E-02          403          339
   289  -0.10016367596846335E-02         2627         8467
   290   0.10232708957857307E-02         2373         2693
