     1  -0.98639857030185485E+00         2371         2371
     2  -0.23813614682691351E-02         2657         2371
     3  -0.10182979605576174E-02         3331         2881
     4   0.10845266640127692E-02         2371        22593
     5   0.22591035514445946E-02         1347        10307
     6   0.54509176498684659E-02        18753        18753
     7   0.80944024850652697E-02        17667         2371
     8  -0.12177167051638019E-01         4421         2371
     9   0.80812010995942006E-02         2371         9283
    10   0.73296427618736830E-02        16459         2371
    11  -0.10590434817670999E-02         2371         3265
    12  -0.23805575920809734E-02         2465         2371
    13  -0.76752113613009678E-02         2131         2123
    14  -0.22595627518229144E-02        18691        10307
    15   0.77035349977405340E-02         3331         2131
    16  -0.80845062981035054E-02        26627         2371
    17  -0.10589449223851106E-02         3265         2371
    18  -0.66091083349617032E-02         2371         2435
    19  -0.66559798832679772E-02         2371         4419
    20   0.22640262703659642E-01         2371         4483
    21  -0.65511066240797229E-02         2371         2627
    22   0.12010725807753491E-02         2371         4433
    23   0.22608041722511588E-01         4675         2371
    24   0.22610316662028316E-01         2371         2691
    25  -0.29809704884771613E-01         2627         2435
    26   0.14685010725148429E-01         2371        16467
    27   0.10697103288226514E-02        14593         2371
    28  -0.12206042988753845E-01         2371         4421
    29   0.80940735653808465E-02         2371        17667
    30   0.23521165852505757E-01         2373         2627
    31   0.65601890742802800E-02         2627         2371
    32  -0.39075807232013563E-02        16707         2131
    33  -0.11199632801498502E-01         2311         2497
    34   0.22637618800732257E-01         2371         4675
    35  -0.10633856217443082E-02         2371         8641
    36   0.10699809737478492E-02         2371        14593
    37  -0.19709435295347422E-02         2147         2881
    38  -0.16466483526851254E-01         3083         2371
    39  -0.16466647723498668E-01         2371         3083
    40  -0.80795336072329478E-02         2371        26627
    41  -0.35770678227231823E-02         2401         2373
    42   0.10859836458271331E-02         3841         2371
    43   0.66419505382234968E-02         4419         2371
    44   0.66096980167119875E-02         2435         2371
    45   0.54246830802596215E-02         2385         2385
    46  -0.10335075727913165E-02         6465        10499
    47  -0.22594519837515529E-02        10307        18691
    48  -0.10666348670450275E-02         2633         2371
    49  -0.10629993108742344E-02         8641         2371
    50   0.22641591337194861E-01         4483         2371
    51  -0.23805066220941307E-02         2371         2465
    52  -0.23805716298615849E-02         4449         2371
    53   0.13784549303542101E-01         8467         2371
    54   0.14683158799912116E-01        16467         2371
    55   0.10359092592823346E-01        18499        10499
    56  -0.10772672585229258E-01          339        10499
    57  -0.87827237379210204E-02         2371         8459
    58   0.14070954751775767E-01        16707        16707
    59  -0.10368207015894628E-01        16707         3331
    60   0.76825111997654016E-02         2123         2131
    61  -0.88147218888645247E-02         8459         2371
    62   0.10906606857194788E-02         2371         2441
    63   0.40638761734638406E-02         2819         2819
    64  -0.12174656641978417E-01         2629         2371
    65   0.80812935550036730E-02         9283         2371
    66   0.10841575679706550E-02        22593         2371
    67   0.22588403443067314E-02         1347        18691
    68  -0.10772619570455971E-01        10499          339
    69   0.70205043216117497E-02          451         6403
    70  -0.10342072364557040E-01         8515         3139
    71  -0.28531206883022314E-02         8515         2323
    72  -0.23810341993166966E-02         2371         4449
    73   0.70230438910683030E-02         2243         2819
    74  -0.23817073119395487E-02         2371         2657
    75   0.20088684371149437E-02          327          355
    76   0.43559003625474272E-02         2627         2401
    77  -0.12203018222909475E-01         2371         2437
    78   0.73681659227655596E-02         2371        16459
    79   0.70200393701577374E-02         6403          451
    80   0.23517774431750967E-01         4419         2373
    81   0.28887949035889156E-02         2371         2373
    82  -0.10336747126953052E-02        10499         6465
    83   0.10859622366750762E-02         2371         3841
    84   0.70201112684040810E-02         6211          835
    85   0.43567261484363925E-02         2435         2401
    86  -0.11197900016857150E-01         2881         2119
    87   0.84669439161541762E-02         2315         3139
    88  -0.12203332002505748E-01         2437         2371
    89   0.18499389631185331E-01          339          339
    90  -0.11199420259962577E-01          327         6465
    91  -0.11003203283738632E-02        17217         2371
    92   0.14888851935722519E-02          331          331
    93   0.77035991422644183E-02         2131         3331
    94   0.11865179588478074E-01          327          327
    95   0.12007822577692680E-02         4433         2371
    96  -0.10664647410178840E-02         2371         2633
    97   0.10904075674675582E-02         2441         2371
    98  -0.10999476342778991E-02         2371        17217
    99  -0.29826642572219904E-01         2435         4419
   100  -0.19714221708412930E-02         6465          355
   101   0.10367164980801400E-01        10499        18499
   102   0.54410056959087816E-02         2377         2377
   103   0.40590799502803997E-02          835          835
   104   0.68434448258478820E-02         2323         2315
   105  -0.10366461184478028E-02         2315         2497
   106   0.13785079569367085E-01         2371         8467
   107  -0.12202961933783953E-01         2371         2629
   108   0.10513816461679348E-01         8515         2315
   109  -0.68582397498215828E-02         3139         2323
   110   0.14272125398700866E-01         8515         8515
   111   0.22612594142369952E-01         2691         2371
   112  -0.20094615229523764E-02         2339         2311
   113  -0.10368221567198512E-02         2497         2315
   114   0.70422953921643302E-02          835         6211
   115   0.27904943448717767E-02        18499          331
   116  -0.20092376695734523E-02         2147         2119
   117   0.43567742367625027E-02         2401         2435
   118  -0.10212625716015025E-01        16707         2123
   119  -0.12806336884828599E-02         8467         4419
   120  -0.20556234753578910E-02         4421         4675
   121  -0.11196975644069350E-01         2119         2881
   122  -0.28886840912388575E-02         2373         2371
   123   0.14748648582901954E-02         3083         2627
   124   0.23538368625667640E-01         2435         2373
   125   0.11867764810531449E-01         2311         2311
   126  -0.11198911657719027E-01         6465          327
   127   0.10694412094316380E-02          403          339
   128  -0.19716211969710577E-02          355         6465
   129  -0.19716972209690015E-02         2339         2497
   130   0.23533875670262647E-01         2373         4419
   131   0.28303850677027296E-02         2691         4483
   132  -0.11826132060272403E-02          339         6465
   133   0.14746767723162995E-02         2627         3083
   134  -0.29836455556926936E-01         2627         4419
   135  -0.10350349841028013E-01         3139         8515
   136  -0.20088724223405767E-02          355          327
   137  -0.17032152173166500E-02          331        10499
   138  -0.13538314609017768E-02         2627         4485
   139  -0.11538522589948095E-02         2627         2691
   140  -0.33290604634461109E-02         4483         4483
   141  -0.10712145398882348E-02          339          595
   142  -0.29842944532251107E-01         4419         2627
   143  -0.20554028157322730E-02         2437         2691
   144  -0.19709900317939157E-02         2881         2147
   145  -0.20562343027341343E-02         2437         4483
   146  -0.17223889183743024E-02         4739         2373
   147  -0.24769042147660264E-02         2435         4739
   148  -0.24767864693550751E-02         4739         4419
   149   0.23539820365378144E-01         2373         2435
   150   0.41084514471880926E-01         2627         2627
   151  -0.24774447119861242E-02         2627         4739
   152   0.28303785607835452E-02         4675         4483
   153  -0.13195472973001128E-02         4419        16467
   154   0.11557311074633632E-02         4675         2627
   155  -0.12908365323100455E-02        16467         2627
   156  -0.11563271209722736E-02         2627         4675
   157   0.17502429788750880E-01         2373         2373
   158  -0.10547774470687202E-01        18499          339
   159  -0.33293823839065802E-02         4675         4675
   160  -0.11199670225305979E-01         2497         2311
   161  -0.10130190714078792E-02         2373         4677
   162   0.10707597009098143E-02          595          339
   163   0.41062392431256534E-01         2435         2435
   164  -0.10556508269167791E-01          339        18499
   165   0.11524227089454136E-02         2691         2435
   166  -0.20555381804109240E-02         4483         2437
   167  -0.20704034013926298E-02         4675         4421
   168   0.41047984023600423E-01         4419         4419
   169   0.17880634257548889E-02         2437         4675
   170   0.43563950430568843E-02         4419         2401
   171   0.11431925687332956E-02         4483         4419
   172   0.11428057910764422E-02         4675         4419
   173  -0.20708429175136096E-02         4675         2629
   174   0.13331778342333719E-01         2123         2123
   175   0.76192515088996451E-02         2881         2881
   176  -0.11540122211328662E-02         2435         4483
   177   0.14060132551769310E-01         3139         3139
   178  -0.13537339367551194E-02         4419         2693
   179  -0.29829342254794212E-01         4419         2435
   180   0.14881889233346211E-02         2693         2435
   181   0.28302465885496116E-02         4675         2691
   182   0.28305256546805194E-02         2691         4675
   183   0.14926750439961047E-02         2435         3083
   184  -0.12908542163506886E-02         2627        16467
   185  -0.10244613233847367E-02         2693         2373
   186  -0.10607866461557244E-02        16467         2435
   187   0.17881483400600847E-02         2629         4483
   188   0.14877635155825537E-02         2627         2693
   189   0.14926127616774407E-02         3083         2435
   190   0.14884374956461754E-02         4419         4485
   191  -0.11431983024577624E-02         4419         4483
   192  -0.20551557055683346E-02         2691         2629
   193   0.11546579223120385E-02         4483         2435
   194  -0.12808316593470061E-02         4419         8467
   195   0.14081166605560075E-01        18499        18499
   196   0.28308488929642160E-02         4483         4675
   197   0.14896525328531030E-02         2435         4485
   198  -0.17227058294129413E-02         2373         4739
   199  -0.24776192852733379E-02         4419         4739
   200  -0.11445677695988896E-02         4419         4675
   201   0.14887402888680711E-02         4677         4419
   202  -0.13201793426960554E-02        16467         4419
   203   0.18026904130331518E-02         4675         2437
   204  -0.24761455244217316E-02         4739         2435
   205  -0.16890223103070620E-02         2437         2437
   206  -0.20558990453777909E-02         2629         4675
   207   0.12814088802099379E-02         4421         2437
   208   0.76370183499468378E-02         6465         6465
   209  -0.13542135114600500E-02         2693         4419
   210   0.14887766454091888E-02         4677         2627
   211   0.12855264544590868E-02         2629         4421
   212  -0.20554092551869395E-02         2629         2691
   213  -0.33278131133365049E-02         2691         2691
   214  -0.12326951959428566E-02         8467         2435
   215  -0.20556142158768532E-02         4483         4421
   216   0.10219179626123648E-02         8515         2497
   217   0.10608386301467420E-02         2435        16467
   218  -0.29806193940609370E-01         2435         2627
   219  -0.20547510228593924E-02         2691         2437
   220   0.84535469330918860E-02         3139         2315
   221  -0.12024229028162311E-02         4419         3083
   222  -0.68434317120173805E-02         2315         2323
   223  -0.17215906214068123E-02        10499          331
   224  -0.10221507199376645E-01         2123        16707
   225  -0.10694666061125274E-02          339          403
   226  -0.13545935509736481E-02         4677         2435
   227   0.35772612137314748E-02         2373         2401
   228   0.17879823839427201E-02         4483         2629
   229  -0.11525005105203592E-02         2435         2691
   230   0.12855939400827096E-02         4421         2629
   231   0.11537747286165393E-02         2691         2627
   232   0.28304886266549544E-02         4483         2691
   233   0.14882918080800984E-02         2627         4677
   234   0.10513793081046347E-01         2315         8515
   235   0.17880811234871829E-02         4421         2691
   236   0.14888773204744959E-02         4485         4419
   237   0.43564408078353573E-02         2401         4419
   238   0.14543876080524646E-02         1347         1347
   239  -0.24767730427810871E-02         4739         2627
   240  -0.20558600043449056E-02         4421         4483
   241  -0.10249316513494856E-02         4485         2373
   242   0.76285356404706180E-02         2497         2497
   243   0.14283223668019434E-01        10499        10499
   244   0.14889757356393106E-02         2435         2693
   245   0.14084721575052047E-01         3331         3331
   246   0.23505330305983049E-01         2627         2373
   247   0.13081019203709681E-02         2401         2401
   248   0.10094346596480474E-02         3139         2497
   249  -0.68581444339557290E-02         2323         3139
   250   0.16618091888075648E-02        10307        10307
   251   0.17877559698741825E-02         2691         4421
   252   0.14888107484665100E-02         4485         2435
   253  -0.13543915330593017E-02         4485         2627
   254   0.14551460694764372E-02        18691        18691
   255   0.49477075609776532E-02         2323         2323
   256  -0.10128701975961702E-02         2373         2693
   257  -0.13552331228569897E-02         2435         4677
   258   0.10095981287796599E-02         2497         3139
   259  -0.12326715933403327E-02         2435         8467
   260   0.12665388269219005E-02         2437         4421
   261   0.14882227957028747E-02         2693         2627
   262   0.70233575674571950E-02         2819         2243
   263  -0.19716998600456501E-02         2497         2339
   264  -0.17034281988015814E-02         4421         4421
   265   0.20094630939226786E-02         2311         2339
   266   0.14771071455430195E-01         2315         2315
   267   0.12810020717431384E-02         2629         2437
   268  -0.10184576650508401E-02         2881         3331
   269   0.40793064906843512E-02         6211         6211
   270  -0.17034035740335492E-02         2629         2629
   271  -0.11824050233050368E-02         6465          339
   272   0.40613292905586811E-02          451          451
   273   0.12661119072262675E-02         2437         2629
   274  -0.39116110329956311E-02         2131        16707
   275   0.43559162310096737E-02         2401         2627
   276   0.10220104200195882E-02         2497         8515
   277   0.77520036159403130E-02         3331         2123
   278   0.14883511127005418E-02         4419         4677
   279   0.11864976478343590E-01         2119         2119
   280   0.20092615766068803E-02         2119         2147
   281  -0.28534346774443074E-02         2323         8515
   282   0.77525915471442349E-02         2123         3331
   283  -0.10367998101089687E-01         3331        16707
   284   0.40623833056024810E-02         2243         2243
   285   0.12022398844978811E-02         3083         4419
   286   0.64133613457892933E-02         2131         2131
   287   0.22597869358050630E-02        10307         1347
   288  -0.10133655783157241E-02         2373         4485
   289   0.22580585534322730E-02        18691         1347
   290   0.40625376846879476E-02         6403         6403
   291   0.54326340829838927E-02         3393         3393
