     1   0.98644511264260260E+00         2371         2371
     2  -0.10995939271999909E-02         2441         2371
     3  -0.10371719012401876E-01        18499        10499
     4   0.12164024527586279E-01         2629         2371
     5   0.66615311372607020E-02         2371         4419
     6  -0.77345268365131567E-02         2131         3331
     7  -0.76500889481314355E-02         2497         2497
     8   0.10359337652900583E-02         6465        18499
     9   0.10176307328745748E-01        16707         2123
    10  -0.66675647213946280E-02         4419         2371
    11   0.65948495107402321E-02         2371         2435
    12  -0.11007748647841908E-02         2371         2441
    13   0.11196786888677902E-01         6465          327
    14  -0.10852949037864575E-02         2371        14593
    15  -0.77192732417227551E-02         2123         3331
    16  -0.22621919439924497E-01         2371         4483
    17  -0.12017771740766255E-02         2371         4433
    18  -0.14681504752074219E-01        16467         2371
    19   0.10698172087297256E-02         3265         2371
    20   0.19712642129519928E-02          355         6465
    21  -0.23537605812760033E-01         4419         2373
    22  -0.10750367497806921E-02         2371         3841
    23   0.10737961007407969E-02         2371        17217
    24  -0.10522772812360904E-01         2315         8515
    25   0.12209024417849063E-01         2371         2629
    26   0.12160312497801971E-01         2371         4421
    27  -0.10094723776052814E-02         3139         2497
    28   0.23802959128425569E-02         2465         2371
    29  -0.65045669908484890E-02         2435         2371
    30   0.64917229444323389E-02         2371         2627
    31  -0.43570363765946260E-02         4419         2401
    32   0.16467106698477792E-01         3083         2371
    33  -0.23480114784903063E-01         2373         2627
    34  -0.80845561256834772E-02         2371         9283
    35  -0.73707115571329286E-02         2371        16459
    36   0.10704766663670413E-02         2371         3265
    37  -0.43575190187515817E-02         2401         2627
    38  -0.22600862810288743E-02        18691         1347
    39   0.10889009862969476E-02         2371         8641
    40  -0.14680593545736859E-01         2371        16467
    41   0.11014299451981957E-01         2119         2881
    42   0.12181718651329623E-01         2371         2437
    43  -0.54479115904477052E-02         3393         3393
    44  -0.13853029273023188E-01         8467         2371
    45  -0.22645799813402489E-01         4483         2371
    46   0.80852777271309892E-02        26627         2371
    47   0.28158530965807522E-02         2373         2371
    48   0.80853592588355193E-02         2371        26627
    49   0.23814480069066827E-02         2371         2465
    50   0.20089204797333355E-02         2339         2311
    51  -0.69472223403527723E-02          451         6403
    52  -0.43582662475882238E-02         2435         2401
    53  -0.80929166539720539E-02         2371        17667
    54   0.12132717165464645E-01         2437         2371
    55  -0.23473360586432332E-01         2373         2435
    56  -0.10689164876558882E-02         3841         2371
    57  -0.69493568539699437E-02         6211          835
    58   0.19714500699143499E-02         6465          355
    59   0.10360437701431391E-01         3331        16707
    60   0.87850033874821726E-02         2371         8459
    61   0.10440682020932943E-02         2633         2371
    62   0.19711160800173540E-02         2339         2497
    63   0.35840229088482897E-02         2401         2373
    64  -0.43568403888385593E-02         2401         4419
    65  -0.12020713076526975E-02         4433         2371
    66   0.10361263923311805E-01        16707         3331
    67  -0.22652204436630380E-01         2371         4675
    68  -0.17479076273697207E-01         2373         2373
    69   0.10883556173646109E-02         8641         2371
    70   0.10782992819304667E-01          339        10499
    71  -0.80920343025031091E-02        17667         2371
    72  -0.14062305747496404E-01         3139         3139
    73   0.23814773628001214E-02         2371         2657
    74   0.29833109643219377E-01         4419         2627
    75   0.23808324800909677E-02         2371         4449
    76   0.16465514982730876E-01         2371         3083
    77  -0.10705211776553512E-02        22593         2371
    78  -0.11862728151005536E-01         2119         2119
    79  -0.22580603441093804E-02         1347        10307
    80  -0.22589515643655989E-02        10307         1347
    81  -0.10847046646957578E-02        14593         2371
    82   0.12217418879111987E-01         4421         2371
    83   0.87821114863167980E-02         8459         2371
    84   0.10465864318329303E-02         2371         2633
    85  -0.80857886873247232E-02         9283         2371
    86  -0.66900101833812656E-02         2627         2371
    87  -0.84235727597155325E-02         3139         2315
    88  -0.73734260750396097E-02        16459         2371
    89  -0.13789517583896491E-01         2371         8467
    90   0.28586413903843822E-02         8515         2323
    91   0.29855244213225395E-01         4419         2435
    92   0.19404496055684993E-02         2497         2339
    93  -0.10523382537721148E-01         8515         2315
    94   0.10185967628545204E-01         2123        16707
    95  -0.40405086465331664E-02         2243         2243
    96   0.23024254778243780E-02        10307        18691
    97  -0.77418504429741771E-02         3331         2123
    98   0.22595169909212275E-02        18691        10307
    99  -0.27951133870671632E-02        18499          331
   100   0.23808137712083926E-02         2657         2371
   101  -0.22647962682614316E-01         4675         2371
   102  -0.76787195615144613E-02         2123         2131
   103  -0.10698774954919978E-02         2371        22593
   104  -0.77034185091673082E-02         3331         2131
   105   0.10657893396636990E-02        17217         2371
   106  -0.40369605314213002E-02          835          835
   107  -0.22539905154664822E-01         2371         2691
   108  -0.14279025294562764E-01        16707        16707
   109  -0.40381956168233446E-02         2819         2819
   110  -0.10288355667939742E-02         2881        16707
   111  -0.14086221012493265E-01         3331         3331
   112  -0.27942081084740768E-02          331        18499
   113  -0.70301471824823179E-02         2819         2243
   114   0.11829694781149856E-02          339         6465
   115  -0.40935686569689274E-01         2435         2435
   116  -0.11525225751190036E-02         4483         2435
   117  -0.23493960544611513E-01         2373         4419
   118   0.12640939853346745E-02         4419         8467
   119  -0.41051353248901988E-01         4419         4419
   120  -0.64126356072128510E-02         2131         2131
   121  -0.11476770804626040E-02         4483         4419
   122  -0.16998984137596227E-02          331          331
   123   0.29862224907890190E-01         2435         4419
   124   0.17217227967142039E-02          331        10499
   125   0.11466486099200189E-02         4419         4675
   126  -0.20083536984849531E-02          327          355
   127   0.10383453998270070E-02        18499         6465
   128  -0.35841237250101949E-02         2373         2401
   129   0.28584814294108762E-02         2323         8515
   130   0.10782378798072482E-01        10499          339
   131   0.20534064429224754E-02         4483         2437
   132  -0.14889127660152410E-02         4419         4485
   133   0.12254950856617356E-02         2435         8467
   134   0.12958902282638384E-02        16467         2627
   135   0.11202217264982203E-01         2881         2119
   136  -0.10363948710899872E-01        10499        18499
   137   0.33261052481392958E-02         4483         4483
   138  -0.13120330205248663E-02         2401         2401
   139   0.17145787123096572E-02         2437         2437
   140   0.10802217495028750E-02         2315         2497
   141   0.13370684374265850E-02        16467         4419
   142  -0.14760283713871748E-02         3083         2627
   143   0.11197117387363108E-01          327         6465
   144  -0.41015448287189976E-01         2627         2627
   145  -0.20085305762967826E-02         2119         2147
   146   0.11833910423584184E-02         6465          339
   147  -0.28319875895512310E-02         4483         4675
   148   0.17212305828752255E-02        10499          331
   149  -0.11864598127722493E-01         2311         2311
   150  -0.18010332332420811E-02         2629         4483
   151  -0.23529681070054223E-01         2435         2373
   152  -0.18109696348086166E-02         4421         2691
   153  -0.68432294042180359E-02         2323         2315
   154   0.10361147662300191E-01         3139         8515
   155   0.11430387053422463E-02         4419         4483
   156  -0.11531979846842312E-02         4675         2627
   157   0.13697237022539340E-02         2693         4419
   158  -0.43574597440556289E-02         2627         2401
   159   0.12505760408463192E-02         8467         4419
   160   0.29790806324356496E-01         2627         4419
   161  -0.14844209199981035E-02         4485         4419
   162   0.11524218924600454E-02         2627         4675
   163   0.17163903472789206E-02         4421         4421
   164   0.29888357764407673E-01         2627         2435
   165   0.11513286962462886E-02         2435         4483
   166   0.12019265637605117E-02         4419         3083
   167   0.20913298650168852E-02         2437         4483
   168  -0.28378468796288157E-02         2371         2373
   169  -0.14981276189472042E-01         2315         2315
   170  -0.76744110304433552E-02         2881         2881
   171  -0.54763830299318977E-02        10561        10561
   172  -0.15075166892791871E-02         4677         4419
   173  -0.22552181911960907E-01         2691         2371
   174   0.20514734739834166E-02         2629         4675
   175   0.24752244205064073E-02         4419         4739
   176  -0.23492670756963034E-01         2627         2373
   177  -0.14887627909846261E-02         4419         4677
   178   0.11435152409176093E-02         2627         2691
   179  -0.17882363978068412E-02         4675         2437
   180   0.33272485432224034E-02         4675         4675
   181   0.13370731181882420E-02         4419        16467
   182   0.20558875512106316E-02         4483         4421
   183   0.24762949730463904E-02         4739         2627
   184  -0.10107013759366624E-02         2497         3139
   185  -0.10090267946255211E-02         2881         2123
   186   0.19720163661491527E-02         2881         2147
   187   0.10226049484850898E-02         4485         2373
   188  -0.28279126550033126E-02         2691         4675
   189   0.29854500540425717E-01         2435         2627
   190  -0.28265694109239868E-02         2691         4483
   191  -0.15191375480133283E-02         2693         2627
   192   0.20545555065987989E-02         4675         4421
   193  -0.14876587985978870E-02         2627         3083
   194   0.12979746445343243E-02         2627        16467
   195  -0.28321983546046141E-02         4675         4483
   196   0.10363127161776470E-01         8515         3139
   197  -0.11377922713151154E-02         4675         4419
   198   0.12107721521036850E-02         8467         2435
   199   0.24752766724520066E-02         2627         4739
   200   0.13736422585805676E-02         2627         4485
   201  -0.76448059447999034E-02         6465         6465
   202   0.20683184424971934E-02         4421         4483
   203  -0.10311489283282248E-02        16707         2881
   204  -0.12831192668842394E-02         4421         2437
   205   0.12346795442178410E-02         2435         2691
   206  -0.28274926751924250E-02         4483         2691
   207  -0.28314740727304242E-02         4675         2691
   208   0.20772745682204551E-02         2629         2691
   209  -0.11390831009246334E-02         2691         2435
   210  -0.12020574614468910E-02         3083         4419
   211   0.24762968219211364E-02         4739         4419
   212  -0.18498162900730173E-01          339          339
   213  -0.11700003281874677E-02         2691         2627
   214   0.10614717244050705E-02        16467         2435
   215  -0.14531727766210498E-02        10307        10307
   216  -0.18026707946994234E-02         2691         4421
   217  -0.14077937083696505E-01         8515         8515
   218  -0.22608178932606924E-02         1347        18691
   219   0.25090321188790173E-02         2435         4739
   220   0.17527482969562924E-02         2373         4739
   221  -0.70213065913422084E-02          835         6211
   222   0.68437186545761428E-02         2315         2323
   223  -0.43572820227955888E-02         2401         2435
   224   0.20683558673575977E-02         2691         2629
   225   0.10468465626643020E-02         2373         4677
   226  -0.15066188609918995E-02         2627         4677
   227  -0.15128140023834265E-02         2435         2693
   228  -0.40625006986365324E-02         6211         6211
   229   0.20541941596410405E-02         4675         2629
   230  -0.15282391151856193E-02         2693         2435
   231   0.20522186266594099E-02         4421         4675
   232   0.20674078333492532E-02         2691         2437
   233  -0.14858793591263067E-02         2435         4485
   234  -0.14088379269619922E-01        10499        10499
   235   0.17222905370058638E-02         4739         2373
   236  -0.14282073137262026E-01        18499        18499
   237  -0.14933625289850574E-02         2435         3083
   238  -0.15194654345220542E-02         4485         2435
   239  -0.11864393745533887E-01          327          327
   240   0.10489147858384780E-02         2373         2693
   241   0.33041229595446235E-02         2691         2691
   242  -0.54536149346543598E-02         2385         2385
   243  -0.13548862624251631E-01         2123         2123
   244   0.11010559219564342E-01         2497         2311
   245   0.10480968096966371E-02         4677         2373
   246  -0.16612457821051604E-02        18691        18691
   247   0.24767699848052957E-02         4739         2435
   248   0.10103137857122167E-02         2881         3331
   249   0.13530617201982609E-02         2435         4677
   250  -0.12630748543291366E-02         4421         2629
   251   0.23816265876596614E-02         4449         2371
   252  -0.13137474752258399E-02         2437         4421
   253   0.10305632396820483E-02         2497         2315
   254  -0.13126623702711883E-02         2629         2437
   255   0.11196114651077451E-01         2311         2497
   256   0.10539129569181379E-01        18499          339
   257  -0.17883006875724662E-02         4483         2629
   258  -0.10620277128814742E-02         2435        16467
   259  -0.14861016498767326E-02         4677         2627
   260   0.10701306604600188E-02          339          403
   261   0.19407428321299789E-02         2147         2881
   262   0.68632916154876085E-02         2323         3139
   263   0.10633910217528622E-02          339          595
   264  -0.14937231596409656E-02         3083         2435
   265   0.39048123781650020E-02         2131        16707
   266  -0.14850002978174094E-02         2627         2693
   267   0.13514959435707815E-02         4677         2435
   268   0.10166121667435821E-02         3331         2881
   269   0.68917680857511644E-02         3139         2323
   270   0.39050073359410005E-02        16707         2131
   271  -0.14532257124602670E-02         1347         1347
   272   0.10543464533894494E-01          339        18499
   273   0.13532096334845786E-02         4419         2693
   274   0.20084392971451465E-02          355          327
   275  -0.10689213242078205E-02          595          339
   276  -0.12841694222093505E-02         2437         2629
   277   0.10025812111133891E-02         8467         2627
   278   0.17135881324202972E-02         2629         2629
   279  -0.10719388659332022E-02          403          339
   280   0.13877291835619750E-02         4485         2627
   281  -0.70187898521663680E-02         6403          451
   282  -0.84506399878308686E-02         2315         3139
   283   0.20085762517608476E-02         2147         2119
   284  -0.20086560987259776E-02         2311         2339
   285   0.76735344281882662E-02         2131         2123
   286  -0.40785590579094089E-02          451          451
   287  -0.49454348638882720E-02         2323         2323
   288  -0.40810306922772852E-02         6403         6403
   289  -0.18107656192160812E-02         2437         4675
