     1  -0.98640511097059036E+00         2371         2371
     2  -0.66315748525293009E-02         2371         4419
     3  -0.10880108947174468E-02         8641         2371
     4   0.80846197625204074E-02         9283         2371
     5   0.41121510988673379E-01         2627         2627
     6  -0.65289690356346566E-02         2371         2627
     7  -0.23804769104732765E-02         2657         2371
     8   0.73744812322189450E-02         2371        16459
     9  -0.10661889911487130E-02         2371         2633
    10   0.66410019796706099E-02         4419         2371
    11  -0.22585068793690398E-02        10307        18691
    12  -0.39091980698985071E-02        16707         2131
    13  -0.23697309477447325E-02         2371         2465
    14   0.66158839880335876E-02         2627         2371
    15  -0.12205328564170911E-01         2371         2629
    16   0.10833334172344006E-02        14593         2371
    17   0.22642072459399969E-01         4483         2371
    18  -0.12143332982053027E-01         4421         2371
    19   0.10837308801403427E-02         2371        14593
    20  -0.23810917961603630E-02         2465         2371
    21   0.10756339468105066E-02         3841         2371
    22   0.65743547267819655E-02         2435         2371
    23  -0.16467283342875609E-01         3083         2371
    24   0.22541992482712672E-01         4675         2371
    25   0.11006774776576602E-02         2441         2371
    26  -0.10780661095479684E-01          339        10499
    27  -0.12180032166357367E-01         2371         4421
    28  -0.10692665179517175E-02         2371         3265
    29  -0.87857190794022825E-02         2371         8459
    30  -0.11202051239754346E-01         2119         2881
    31  -0.11197355317010835E-01          327         6465
    32  -0.10780149295819027E-01        10499          339
    33   0.11990342969210896E-02         2371         4433
    34   0.22613359194105547E-01         2371         4483
    35   0.80930451173153901E-02         2371        17667
    36   0.22615020932255783E-01         2371         4675
    37  -0.23816376721136900E-02         2371         2657
    38   0.22581544170980189E-02        10307         1347
    39  -0.65804077478236120E-02         2371         2435
    40  -0.17193305583484608E-02          331        10499
    41   0.10103340930853624E-02         3139         2497
    42  -0.10566637518620318E-02         2633         2371
    43   0.11005158294444264E-02         2371         2441
    44   0.14678770270886776E-01         2371        16467
    45   0.73766305075042768E-02        16459         2371
    46  -0.10694344768314103E-02         3265         2371
    47   0.23519606332412481E-01         4419         2373
    48  -0.87835871324422592E-02         8459         2371
    49   0.40733618982016972E-02         2819         2819
    50  -0.80860427797486995E-02         2371        26627
    51  -0.10882960624933934E-02         2371         8641
    52   0.14679811642995406E-01        16467         2371
    53  -0.10856056621547643E-02        17217         2371
    54   0.80839401544214370E-02         2371         9283
    55   0.22615343420628310E-01         2691         2371
    56   0.70207595801542091E-02         6403          451
    57   0.80941580320491556E-02        17667         2371
    58  -0.39044468305444169E-02         2131        16707
    59  -0.19550100357873567E-02         2497         2339
    60   0.40931162846830488E-02         2243         2243
    61  -0.80858967794501975E-02        26627         2371
    62   0.10359860261386850E-01        18499        10499
    63  -0.12140901705981028E-01         2629         2371
    64   0.22615145100444715E-01         2371         2691
    65   0.20312359597253662E-02         2119         2147
    66   0.27911915946838071E-02        18499          331
    67   0.77522946405830569E-02         2123         3331
    68   0.14898881150548419E-02        10307        10307
    69  -0.29808716788736603E-01         4419         2627
    70   0.14077396237175938E-01        16707        16707
    71  -0.12201624871472859E-01         2437         2371
    72   0.10364587436130087E-01        10499        18499
    73   0.13785149259914404E-01         2371         8467
    74   0.11975117795865197E-01         2119         2119
    75   0.22583021186520628E-02        18691         1347
    76   0.10689866602308445E-02         2371        22593
    77   0.10696332466573030E-02        22593         2371
    78  -0.19720545682656585E-02         2147         2881
    79  -0.10368215374281351E-01        16707         3331
    80  -0.28570399837665032E-02         8515         2323
    81  -0.23802257862678227E-02         4449         2371
    82   0.70204518908452617E-02          451         6403
    83  -0.10184888914327370E-01         2123        16707
    84   0.13848791022733370E-01         8467         2371
    85  -0.16466030678087058E-01         2371         3083
    86   0.23538810374611852E-01         2373         2627
    87  -0.20170927666506981E-02         2339         2311
    88  -0.10362449372310173E-01         8515         3139
    89  -0.10542147804134278E-01          339        18499
    90   0.22580877554084387E-02         1347        10307
    91  -0.68595732495532920E-02         3139         2323
    92   0.77039746873963418E-02         3331         2131
    93   0.10522419018288424E-01         8515         2315
    94  -0.12178474982676378E-01         2371         2437
    95   0.77517532385334214E-02         3331         2123
    96  -0.10216159775428614E-02         3331         2881
    97  -0.12179449282267315E-02          339         6465
    98  -0.29827080200602232E-01         4419         2435
    99  -0.23806159918031075E-02         2371         4449
   100   0.14776486207742245E-01         2315         2315
   101  -0.10899945562880702E-02         2371        17217
   102   0.10853232360964913E-02         2371         3841
   103   0.43576662664739857E-02         2627         2401
   104   0.54420903919405747E-02        10561        10561
   105   0.14615718015973229E-02        18691        18691
   106  -0.28562353226241344E-02         2323         8515
   107   0.11482151691236918E-02         4675         2627
   108  -0.11535488586659208E-02         2627         2691
   109   0.14933839018614285E-02         2435         3083
   110   0.43572978230523429E-02         2401         4419
   111   0.40475629296144741E-02          835          835
   112  -0.13382903869095214E-02         4419        16467
   113  -0.11426861026737922E-02         4419         4483
   114  -0.29791395396414219E-01         2627         2435
   115   0.14078057243552190E-01         8515         8515
   116   0.43285640838876789E-02         2435         2401
   117   0.51585954621733553E-02         2323         2323
   118   0.41100996820766254E-01         4419         4419
   119  -0.28839647029552987E-02         2373         2371
   120  -0.12986844275408051E-02         2627        16467
   121  -0.10537607563861243E-01        18499          339
   122  -0.11197507156475521E-01         2497         2311
   123  -0.29815967518483113E-01         2435         2627
   124  -0.24744954743588076E-02         2627         4739
   125   0.11561295235827009E-02         4483         2435
   126  -0.24756152072215338E-02         4739         2627
   127  -0.10192033363944549E-01        16707         2123
   128  -0.17180860275665306E-02         4421         4421
   129   0.14094604661953157E-01        10499        10499
   130   0.14870402278469325E-02         4485         4419
   131   0.11778632059717225E-01         2311         2311
   132   0.76121127866532485E-02         2497         2497
   133   0.41076377943155315E-01         2435         2435
   134  -0.29795298462432829E-01         2627         4419
   135  -0.12022065941615714E-02         4419         3083
   136  -0.10015095651347988E-02         8467         2627
   137  -0.17034067405050637E-02         2629         2629
   138   0.11553148847115889E-02         2691         2627
   139  -0.20561932562854690E-02         2691         2629
   140  -0.68434019891742892E-02         2315         2323
   141  -0.20695161491517027E-02         4675         4421
   142  -0.24764396587340100E-02         2435         4739
   143  -0.24750754260263841E-02         4419         4739
   144  -0.33302306577766500E-02         4483         4483
   145  -0.12863804476389118E-02        16467         2627
   146   0.84535698103669725E-02         3139         2315
   147   0.18141410883761226E-02         4421         2691
   148   0.68425229921102171E-02         2323         2315
   149   0.23473770019740995E-01         2373         2435
   150  -0.20704606178490958E-02         4675         2629
   151  -0.10172200591396809E-02         2881         3331
   152  -0.22583125133276032E-02        18691        10307
   153  -0.13384948281339212E-02        16467         4419
   154   0.77044743588264766E-02         2131         3331
   155   0.28519400282747544E-02         4675         4483
   156  -0.11201912474412309E-01         6465          327
   157   0.15040910367788505E-02         4677         2627
   158  -0.12114854166795702E-02         8467         2435
   159  -0.33167566290088521E-02         4675         4675
   160   0.28526288613327541E-02         4675         2691
   161  -0.17201288525168202E-02         2373         4739
   162  -0.10359415778396342E-01         3139         8515
   163   0.23524097983290051E-01         2627         2373
   164  -0.35764502604978743E-02         2401         2373
   165  -0.12253379146654189E-02         2435         8467
   166   0.11988770045448676E-02         4433         2371
   167  -0.20914402306503052E-02         4421         4483
   168   0.43577382394949897E-02         4419         2401
   169   0.14876178429913446E-02         2693         2627
   170  -0.20540654973732753E-02         2629         4675
   171  -0.20562983638737460E-02         4483         4421
   172   0.14755252957370313E-02         3083         2627
   173   0.11496464166069590E-02         4675         4419
   174  -0.33286172561943529E-02         2691         2691
   175  -0.11522288292009188E-02         2627         4675
   176   0.11864264102851759E-01          327          327
   177  -0.11567019151061861E-02         4419         4675
   178   0.11514768160651970E-02         2691         2435
   179   0.29094371174863253E-02         2371         2373
   180   0.14537651880514972E-02         1347         1347
   181   0.70079658378836606E-02          835         6211
   182  -0.10606451516040648E-02        16467         2435
   183   0.28287884257079984E-02         2691         4483
   184   0.43567198692871017E-02         2401         2627
   185  -0.20755450337639415E-02         2629         2691
   186   0.77764349897200390E-02         6465         6465
   187   0.14937038391236339E-02          331          331
   188   0.13085615456346323E-02         2401         2401
   189  -0.24756342058191829E-02         4739         4419
   190  -0.12522035156225899E-02         8467         4419
   191   0.14871404609363135E-02         4419         4485
   192  -0.20542866650693783E-02         2691         2437
   193  -0.17212713519026556E-02         4739         2373
   194   0.13349780419384380E-01         2123         2123
   195  -0.29846536881285211E-01         2435         4419
   196   0.23528999001698886E-01         2435         2373
   197  -0.13517351208325349E-02         2627         4485
   198  -0.24754701329919152E-02         4739         2435
   199   0.28295806812574046E-02         4483         2691
   200   0.14741113428632408E-02         2627         3083
   201   0.18200418366033639E-02         4675         2437
   202   0.17486109098141790E-01         2373         2373
   203  -0.11559827661992580E-02         2435         4483
   204  -0.17193814316435244E-02        10499          331
   205   0.14878054816156781E-02         2627         4677
   206   0.18288781297855460E-02         2629         4483
   207   0.14931945602499306E-02         3083         2435
   208   0.14064372360790091E-01         3139         3139
   209  -0.11553656239282526E-02         2435         2691
   210   0.84529493987859933E-02         2315         3139
   211  -0.19724897636629675E-02         6465          355
   212   0.15032048150616286E-02         4485         2435
   213  -0.10227734175183134E-02         4485         2373
   214   0.17873907558741586E-02         2691         4421
   215  -0.20085582556023905E-02          355          327
   216   0.17877046453831287E-02         4483         2629
   217  -0.10458663468616730E-02         2315         2497
   218   0.28314967232070786E-02         4483         4675
   219   0.22583715452020223E-02         1347        18691
   220   0.12838584657584159E-02         4421         2629
   221  -0.20536145200142969E-02         2437         2691
   222   0.28312916637143856E-02         2691         4675
   223  -0.76750293975993544E-02         2131         2123
   224   0.43558551547209041E-02         2401         2435
   225   0.10606491400024926E-02         2435        16467
   226   0.14090263159096160E-01         3331         3331
   227   0.14886568762527755E-02         2435         2693
   228   0.76751718138431705E-02         2123         2131
   229  -0.68645791125833489E-02         2323         3139
   230  -0.13529692002828191E-02         4485         2627
   231   0.10522802246404905E-01         2315         8515
   232   0.18707135059124098E-01          339          339
   233   0.17884252213774814E-02         2437         4675
   234  -0.11190907872429557E-01         2311         2497
   235   0.76254292518928091E-02         2881         2881
   236  -0.13543262786436608E-02         2435         4677
   237  -0.10219658361488755E-02         2373         2693
   238   0.10785248858721530E-02          403          339
   239  -0.17008189084605802E-02         2437         2437
   240  -0.19709621057892781E-02          355         6465
   241   0.11460024136537123E-02         4483         4419
   242  -0.10226392197334947E-02         2693         2373
   243   0.14876914833295320E-02         4419         4677
   244   0.15026687686174758E-02         2693         2435
   245  -0.12655752669824530E-02         4419         8467
   246   0.70240741961894735E-02         2819         2243
   247   0.12023309561123542E-02         3083         4419
   248  -0.10236449277318880E-02        18499         6465
   249  -0.10360065252662214E-01         3331        16707
   250   0.36138842150223458E-02         2373         2401
   251   0.14864474030865799E-02         2627         2693
   252  -0.19713202760560451E-02         2339         2497
   253   0.10767232378847283E-02          595          339
   254   0.66650458177271929E-02         2131         2131
   255  -0.13515373205717756E-02         4419         2693
   256   0.54360403307078167E-02         3393         3393
   257  -0.13514423888336725E-02         2693         4419
   258  -0.20694655113653315E-02         2437         4483
   259  -0.20548882311550139E-02         4483         2437
   260   0.23529486854882164E-01         2373         4419
   261   0.14107665710522915E-01        18499        18499
   262   0.13169647614278879E-02         4421         2437
   263  -0.20539094295806059E-02         4421         4675
   264   0.70076086674010236E-02         6211          835
   265   0.12850780573023816E-02         2437         4421
   266  -0.10699601740397225E-02          339          595
   267  -0.10235648808815602E-02         2373         4677
   268  -0.12170085849744600E-02         6465          339
   269   0.54272131664926029E-02        18753        18753
   270   0.54444976787808765E-02         2377         2377
   271  -0.10778150926637337E-02          339          403
   272   0.13123362471358048E-02         2629         2437
   273   0.12986521081149944E-02         2629         4421
   274   0.12655560390643565E-02         2437         2629
   275  -0.20198367931990599E-02         2147         2119
   276  -0.10456202974006986E-02         2497         2315
   277   0.70235278665012430E-02         2243         2819
   278   0.41342985703813366E-02         6403         6403
   279  -0.11201051079136425E-01         2881         2119
   280   0.20198745537156320E-02          327          355
   281  -0.10306958641477114E-02         6465        18499
   282   0.14892444418018640E-02         2435         4485
   283  -0.19721132173125657E-02         2881         2147
   284   0.40787973934721033E-02          451          451
   285   0.10107520866102595E-02         2497         3139
   286   0.15026073244478902E-02         4677         4419
   287   0.27911041865565783E-02          331        18499
   288   0.10015198295509542E-02         2881        16707
