     1  -0.98639172515832552E+00         2371         2371
     2  -0.65234960434320324E-02         2371         2627
     3   0.65680348786811144E-02         2435         2371
     4   0.22638699725621211E-01         4483         2371
     5   0.66323043462619153E-02         4419         2371
     6  -0.12204641753672280E-01         2371         2629
     7   0.66137356980201824E-02         2627         2371
     8   0.77516988419940079E-02         2123         3331
     9   0.73739116557553367E-02         2371        16459
    10  -0.23814141068827133E-02         2371         2657
    11  -0.23807484251263857E-02         2371         2465
    12   0.80838258194851874E-02         9283         2371
    13  -0.10689521782738509E-02         3265         2371
    14   0.11000317630170591E-02         2441         2371
    15   0.10751059757526825E-02         3841         2371
    16  -0.87849435796120701E-02         2371         8459
    17  -0.23807717999632895E-02         2657         2371
    18   0.14915639394942630E-02        10307        10307
    19   0.80923288900637720E-02         2371        17667
    20  -0.29801034343867383E-01         4419         2627
    21  -0.10686851711208208E-02         2371         3265
    22   0.14078019756774838E-01        16707        16707
    23  -0.12203883875842540E-01         2437         2371
    24  -0.17191631748882618E-02          331        10499
    25   0.10834815725587722E-02         2371        14593
    26  -0.16466289439711287E-01         3083         2371
    27   0.22612200102416782E-01         2691         2371
    28   0.10363785569765334E-01        10499        18499
    29  -0.10848930208424304E-02        17217         2371
    30   0.14680945577462759E-01         2371        16467
    31   0.80833182349522772E-02         2371         9283
    32   0.41116148157754849E-01         2627         2627
    33   0.14108328103913522E-01        18499        18499
    34  -0.11195731284262718E-01          327         6465
    35  -0.65664995861358325E-02         2371         2435
    36   0.76060714608059679E-02         2881         2881
    37  -0.10874866084676046E-02         8641         2371
    38   0.10358927257268700E-01        18499        10499
    39   0.13850989225107326E-01         8467         2371
    40   0.13787060702256271E-01         2371         8467
    41   0.70195617414608984E-02          451         6403
    42  -0.80854361186726217E-02         2371        26627
    43  -0.10453449521856362E-02         2315         2497
    44  -0.11201299912720187E-01         2119         2881
    45  -0.16464966064833417E-01         2371         3083
    46  -0.28580663508363455E-02         2323         8515
    47  -0.19717835490781119E-02         2147         2881
    48   0.23518188386066525E-01         2627         2373
    49  -0.10876058796235992E-02         2371         8641
    50   0.54037282294287555E-02         2385         2385
    51  -0.10656293010663682E-02         2371         2633
    52  -0.80853256375468530E-02        26627         2371
    53   0.75982059531396282E-02         2497         2497
    54   0.10999916134954060E-02         2371         2441
    55   0.14771893966169071E-01         2315         2315
    56   0.11997509373686350E-02         4433         2371
    57   0.70070691464413542E-02         6211          835
    58  -0.12178380551201287E-01         4421         2371
    59   0.10831492531183312E-02        14593         2371
    60  -0.12204246150728595E-01         2371         2437
    61   0.80936075496014556E-02        17667         2371
    62   0.27910364447701137E-02        18499          331
    63   0.70225815335398425E-02         2243         2819
    64   0.73759070865390764E-02        16459         2371
    65  -0.23804661718462620E-02         4449         2371
    66   0.23512180086313852E-01         4419         2373
    67   0.29557303517022127E-02         2371         2373
    68   0.11999897401630954E-02         2371         4433
    69   0.22581252939084793E-02        18691         1347
    70   0.20092224121721828E-02          327          355
    71  -0.10781190884960065E-01          339        10499
    72  -0.23808601079426490E-02         2465         2371
    73   0.22608327862537435E-01         2371         2691
    74  -0.10358735217334937E-01         3139         8515
    75  -0.66213615256433137E-02         2371         4419
    76   0.10848393332216098E-02         2371         3841
    77   0.22637920485693106E-01         2371         4483
    78   0.14681713122994397E-01        16467         2371
    79   0.54097219608277777E-02        18753        18753
    80   0.43557183525765189E-02         2435         2401
    81  -0.11200532909098469E-01         2881         2119
    82  -0.12207566575646426E-01         2371         4421
    83   0.84524065163615186E-02         2315         3139
    84   0.77032215387208653E-02         2131         3331
    85  -0.19716255442002893E-02         6465          355
    86  -0.35685124638170380E-02         2401         2373
    87  -0.23807886389988981E-02         2371         4449
    88  -0.10359326705429451E-01         3331        16707
    89   0.10692926938280622E-02        22593         2371
    90   0.11976146555219303E-01         2119         2119
    91   0.22579654891405647E-02         1347        10307
    92   0.22580394624646220E-02        10307         1347
    93  -0.19710570383167582E-02         2497         2339
    94  -0.22582698050957642E-02        10307        18691
    95   0.10094738038133979E-02         3139         2497
    96   0.22585964376784375E-01         4675         2371
    97  -0.39062047365824304E-02         2131        16707
    98   0.10687989474434793E-02         2371        22593
    99  -0.87829870844268448E-02         8459         2371
   100   0.10521499570451310E-01         8515         2315
   101   0.22581476699186907E-02         1347        18691
   102  -0.10184209816263712E-01         2123        16707
   103  -0.10538495385109313E-01        18499          339
   104   0.14568892273177831E-02        18691        18691
   105   0.70230590404433890E-02         2819         2243
   106  -0.10894788027574348E-02         2371        17217
   107  -0.68581846784921885E-02         3139         2323
   108   0.54152164892377801E-02         2377         2377
   109  -0.11196605856497375E-01         2311         2497
   110  -0.29809745637078028E-01         2627         2435
   111  -0.17192471983827845E-02        10499          331
   112  -0.11200708082856904E-01         6465          327
   113   0.22613610928241011E-01         2371         4675
   114   0.10522057495714528E-01         2315         8515
   115  -0.19710490338697992E-02         2339         2497
   116  -0.68632852159372934E-02         2323         3139
   117  -0.11566972115375177E-02         4419         4675
   118  -0.11554940992716067E-02         2627         2691
   119   0.14563586780766485E-02         1347         1347
   120   0.11553153705726267E-02         2691         2627
   121   0.14085714363455501E-01         3331         3331
   122   0.13040977681138158E-02         2401         2401
   123   0.11505000418630003E-02         4675         2627
   124   0.18028398116177646E-02         4675         2437
   125   0.41096368525158862E-01         4419         4419
   126   0.77259064104298796E-02         6465         6465
   127  -0.24772434699488312E-02         4419         4739
   128  -0.11196863174729333E-01         2497         2311
   129  -0.11519541675377302E-02         2627         4675
   130   0.28305005947846626E-02         2691         4675
   131  -0.29784567515997222E-01         2627         4419
   132  -0.29814964317706690E-01         2435         2627
   133   0.28307934742853036E-02         4483         4675
   134  -0.24768289467458739E-02         2627         4739
   135   0.17872082705909552E-02         4483         2629
   136   0.14932097207109661E-02         3083         2435
   137  -0.29841744139517661E-01         2435         4419
   138  -0.20706855409261733E-02         4675         2629
   139  -0.10780836257239098E-01        10499          339
   140   0.41285327012471947E-02         6403         6403
   141  -0.13550073291748242E-02         2435         4677
   142  -0.20203996159058150E-02         2147         2119
   143   0.43561230211955158E-02         2401         2627
   144  -0.11462065052429752E-02         4419         4483
   145   0.11461115837066739E-02         4483         4419
   146   0.11867743523872881E-01         2311         2311
   147  -0.33177010770589280E-02         4675         4675
   148  -0.20555322650731966E-02         4421         4675
   149   0.54233163152033271E-02        10561        10561
   150   0.28296205352919789E-02         4483         2691
   151  -0.13535337083008393E-02         2627         4485
   152  -0.11817155345741404E-02          339         6465
   153  -0.29844703697977017E-01         4419         2435
   154  -0.24765263413324308E-02         4739         2627
   155  -0.24763892109682995E-02         4739         4419
   156  -0.12984187423747146E-02         2627        16467
   157   0.14879746142166680E-02         4419         4677
   158   0.28302759855502757E-02         4675         2691
   159   0.11519180863801318E-02         4675         4419
   160  -0.13534241779334997E-02         4419         2693
   161   0.14882204759613239E-02         2627         2693
   162   0.11865749494016498E-01          327          327
   163   0.14931774935828558E-02         2435         3083
   164   0.14088982137126853E-01        10499        10499
   165  -0.22581150060988187E-02        18691        10307
   166  -0.24756668890279256E-02         4739         2435
   167   0.28300535766908582E-02         4675         4483
   168   0.14754407654885627E-02         3083         2627
   169   0.43561041098976391E-02         2627         2401
   170   0.43565259828546223E-02         2401         4419
   171   0.43560216828319037E-02         4419         2401
   172   0.23528860713365560E-01         2435         2373
   173  -0.10562972674784093E-02         2633         2371
   174  -0.19713593957011478E-02         2881         2147
   175  -0.10611553170333757E-02        16467         2435
   176   0.17876768134275738E-02         4421         2691
   177   0.23532499293838431E-01         2373         2627
   178   0.77028235642334457E-02         3331         2131
   179  -0.20097776054979373E-02         2339         2311
   180  -0.10543003155351732E-01          339        18499
   181   0.10608350647205141E-02         2435        16467
   182   0.14078812225796114E-01         8515         8515
   183   0.12022567625304421E-02         3083         4419
   184  -0.33285408024371780E-02         2691         2691
   185   0.14889164717440092E-02         4419         4485
   186   0.76739424703903530E-02         2123         2131
   187  -0.12861432164189650E-02        16467         2627
   188   0.41059492069039728E-01         2435         2435
   189   0.20097670879842501E-02         2311         2339
   190   0.84529235077159051E-02         3139         2315
   191  -0.13370008071198071E-02         4419        16467
   192   0.14962983250665601E-02          331          331
   193   0.17884190465541389E-02         2437         4675
   194   0.11570258163362138E-02         4483         2435
   195   0.11522336801507588E-02         2691         2435
   196  -0.20565917383612042E-02         4421         4483
   197  -0.12509284181034441E-02         8467         4419
   198  -0.17219497919308937E-02         4739         2373
   199  -0.20701478743380426E-02         4675         4421
   200  -0.12251282405418577E-02         2435         8467
   201  -0.11571764031322910E-02         2435         4483
   202   0.40496636901779090E-02          835          835
   203   0.28292064422972825E-02         2691         4483
   204  -0.11552310482130681E-02         2435         2691
   205  -0.33305392338593325E-02         4483         4483
   206   0.43558785454059813E-02         2401         2435
   207  -0.24764041817942938E-02         2435         4739
   208   0.77512505761850826E-02         3331         2123
   209  -0.76738052528191473E-02         2131         2123
   210  -0.20557657979454994E-02         2691         2629
   211  -0.12022843284066919E-02         4419         3083
   212  -0.12176553547585274E-01         2629         2371
   213  -0.17040262823027608E-02         2629         2629
   214  -0.20548245484264542E-02         2691         2437
   215   0.12847122432058931E-02         4421         2629
   216  -0.13371704518528799E-02        16467         4419
   217   0.14882149638438392E-02         2627         4677
   218   0.70197843768649727E-02         6403          451
   219  -0.20553768059030915E-02         4483         2437
   220  -0.17038304215395196E-02         4421         4421
   221   0.14066203769556604E-01         3139         3139
   222   0.10100864896903235E-02         2497         3139
   223  -0.39109416466110731E-02        16707         2131
   224  -0.10367309228558438E-01        16707         3331
   225  -0.20554774762716419E-02         2437         2691
   226  -0.29362079967046721E-02         2373         2371
   227   0.13351646229252234E-01         2123         2123
   228   0.14895884800364722E-02         2435         4485
   229  -0.10235019496274518E-02        18499         6465
   230   0.18497489585660862E-01          339          339
   231  -0.20562283770688842E-02         4483         4421
   232   0.23529768364172535E-01         2373         2435
   233   0.14888720689705042E-02         2435         2693
   234   0.14894246443045616E-02         4485         4419
   235  -0.10212975239942211E-02         3331         2881
   236  -0.10456649922572447E-02         2497         2315
   237   0.17469693681895691E-01         2373         2373
   238   0.12805988068255170E-02         2629         2437
   239   0.14741041790080716E-02         2627         3083
   240  -0.12643835434341510E-02         4419         8467
   241  -0.19706564889453064E-02          355         6465
   242   0.12809324987805501E-02         4421         2437
   243   0.10706929160057463E-02          403          339
   244   0.10691752680001671E-02          595          339
   245  -0.12114972417364188E-02         8467         2435
   246   0.23536115834117938E-01         2373         4419
   247   0.14888157862088423E-02         4677         2627
   248   0.17872210580143805E-02         2629         4483
   249   0.27909342688803443E-02          331        18499
   250  -0.20557050588496991E-02         2629         4675
   251  -0.10304805594113363E-02         6465        18499
   252   0.14887556112539795E-02         2693         2627
   253  -0.17222987302609816E-02         2373         4739
   254  -0.10361736937648230E-01         8515         3139
   255  -0.20562032375558356E-02         2437         4483
   256   0.12661763525008167E-02         2437         4421
   257   0.12657958201320884E-02         2437         2629
   258  -0.10243921651722676E-02         4485         2373
   259  -0.10172226085140691E-02         2881         3331
   260  -0.16879409938296002E-02         2437         2437
   261   0.35685735907182328E-02         2373         2401
   262  -0.13543111968458814E-02         4677         2435
   263  -0.10016674926582093E-02         8467         2627
   264   0.20205153550541173E-02         2119         2147
   265  -0.10125041035080045E-02         2373         2693
   266   0.14887189780264111E-02         4485         2435
   267  -0.13539322398976057E-02         2693         4419
   268  -0.10124876097044792E-02         2373         4677
   269  -0.10621434954992939E-02          339          595
   270  -0.20558378934199184E-02         2629         2691
   271   0.14884650316217510E-02         4677         4419
   272   0.64598662682365405E-02         2131         2131
   273  -0.11808521651760940E-02         6465          339
   274  -0.10704635219066178E-02          339          403
   275  -0.10129191840956846E-02         2373         4485
   276   0.14880696095921433E-02         2693         2435
   277  -0.10241182836075284E-02         2693         2373
   278   0.40804826965688780E-02          451          451
   279  -0.28588393892721164E-02         8515         2323
   280  -0.20091796523242600E-02          355          327
   281   0.49474851937606305E-02         2323         2323
   282   0.68413392904634763E-02         2323         2315
   283  -0.10191326556212479E-01        16707         2123
   284  -0.68422220173140706E-02         2315         2323
   285   0.12846592426375752E-02         2629         4421
   286  -0.13542105708631946E-02         4485         2627
   287   0.54068020511894533E-02         3393         3393
   288   0.40946162696078869E-02         2243         2243
   289   0.40640978415717507E-02         2819         2819
   290   0.70074465774545708E-02          835         6211
   291   0.17872532196302794E-02         2691         4421
   292   0.10011366106838907E-02         2881        16707
