     1   0.98640362525753678E+00         2371         2371
     2   0.65269125216916891E-02         2371         2627
     3  -0.66469247699018847E-02         4419         2371
     4  -0.10364789202041202E-01        18499        10499
     5   0.87837203268752127E-02         2371         8459
     6   0.65904814300041898E-02         2371         2435
     7  -0.10834179653468081E-02        22593         2371
     8   0.10659746192145251E-02         2633         2371
     9  -0.73753961989068851E-02         2371        16459
    10  -0.13848569393625073E-01         2371         8467
    11  -0.73753910661766217E-02        16459         2371
    12   0.29799580101683369E-01         2435         4419
    13  -0.22617132591962286E-01         2371         4483
    14  -0.80939240321159893E-02        17667         2371
    15   0.23815305465379887E-02         2371         2657
    16   0.66473681464392937E-02         2371         4419
    17  -0.20200805696516215E-02          327          355
    18  -0.43558368733472800E-02         2627         2401
    19   0.10368590858492071E-01        16707         3331
    20   0.10882851008793199E-02         2371         8641
    21   0.23811247392650464E-02         4449         2371
    22  -0.80939805929788732E-02         2371        17667
    23  -0.10692906632147822E-02        14593         2371
    24   0.23698888058952816E-02         2371         2465
    25   0.12206425029195779E-01         2371         2437
    26  -0.70072475428078745E-02         6403          451
    27  -0.23530098276888321E-01         4419         2373
    28  -0.29108233416000979E-02         2371         2373
    29   0.10186183015344632E-02        10499         6465
    30  -0.10853872492369309E-02         2371         3841
    31   0.16466120065536615E-01         2371         3083
    32   0.10881916590151613E-02         8641         2371
    33  -0.22614819992145704E-01         2371         2691
    34  -0.10853671536621974E-02         3841         2371
    35  -0.14678529195780571E-01        16467         2371
    36  -0.54408027055563796E-02        18753        18753
    37  -0.70198180683830342E-02         6211          835
    38  -0.65788210911014383E-02         2435         2371
    39  -0.22642057151131802E-01         4675         2371
    40   0.80853597039394331E-02        26627         2371
    41   0.12200760363991746E-01         2437         2371
    42   0.12177836227668022E-01         2371         2629
    43  -0.65264660919724972E-02         2627         2371
    44  -0.11986879404389161E-02         4433         2371
    45  -0.13848464721028221E-01         8467         2371
    46   0.87836611258226265E-02         8459         2371
    47   0.10993367479533653E-02         2371        17217
    48  -0.70072736710921684E-02          451         6403
    49   0.23810628073728255E-02         2465         2371
    50  -0.11009069555797670E-02         2371         2441
    51   0.23814779569658580E-02         2657         2371
    52   0.12177959881471344E-01         2629         2371
    53   0.80854160316331438E-02         2371        26627
    54  -0.10693112407330581E-02         2371        14593
    55  -0.14965105212214390E-02        18691        18691
    56   0.10191612198375883E-01         2123        16707
    57  -0.68448463081859350E-02         2323         2315
    58   0.16465996373707333E-01         3083         2371
    59  -0.14084576386616480E-01        16707        16707
    60  -0.22614521604360779E-01         2691         2371
    61  -0.77783544888810324E-02         6465         6465
    62  -0.11007523197436367E-02         2441         2371
    63   0.10191610762446183E-01        16707         2123
    64   0.12210232151082745E-01         4421         2371
    65   0.10174344088366082E-02         3331         2881
    66   0.11194912553230093E-01         2311         2497
    67  -0.77042559236592673E-02         3331         2131
    68  -0.11844516714874697E-01         2119         2119
    69  -0.22616835689533911E-01         4483         2371
    70   0.12187312208271209E-02         6465          339
    71   0.39095774231307362E-02         2131        16707
    72   0.10691211397946324E-02         3265         2371
    73   0.23811771006593315E-02         2371         4449
    74   0.28554019040356615E-02         2323         8515
    75  -0.80836911699478618E-02         2371         9283
    76   0.10769899716714324E-01        10499          339
    77  -0.22642047927625135E-01         2371         4675
    78  -0.10833803444618951E-02         2371        22593
    79  -0.11866410788900475E-01          327          327
    80  -0.80836877941581394E-02         9283         2371
    81  -0.76767420469679515E-02         2123         2131
    82   0.12210108648976174E-01         2371         4421
    83  -0.41046903617298642E-02         2819         2819
    84   0.29799632438972910E-01         4419         2435
    85   0.22582692530002256E-02        10307        18691
    86  -0.10140565700756500E-02         2497         3139
    87  -0.77517036451533227E-02         2123         3331
    88  -0.70219944647425892E-02         2819         2243
    89  -0.27912780409982368E-02        18499          331
    90  -0.43290831978743905E-02         2435         2401
    91  -0.22578992012773362E-02         1347        10307
    92   0.20085280593672662E-02         2147         2119
    93  -0.43567808025819655E-02         2401         2435
    94  -0.77516534360864793E-02         3331         2123
    95  -0.14678549133181307E-01         2371        16467
    96  -0.43573044775767717E-02         4419         2401
    97  -0.11986442272108083E-02         2371         4433
    98   0.10368523170507403E-01         3331        16707
    99   0.10993749092859603E-02        17217         2371
   100   0.19710198169484009E-02         2881         2147
   101  -0.10364722603665579E-01        10499        18499
   102   0.11179888927616904E-01         2119         2881
   103  -0.22584654289547366E-02         1347        18691
   104   0.19715121621610510E-02         6465          355
   105   0.19704623210489184E-02         2147         2881
   106   0.11201919476423076E-01         2497         2311
   107  -0.10142196876439039E-02         3139         2497
   108  -0.14078518499849313E-01         8515         8515
   109   0.19559483931862400E-02         2497         2339
   110   0.29820273368963562E-01         2435         2627
   111  -0.40580614246131918E-02          835          835
   112   0.10551586258660988E-01        18499          339
   113  -0.14935694054448248E-02         2435         3083
   114   0.11179693369719761E-01         2881         2119
   115   0.76767405726766817E-02         2131         2123
   116   0.19724798912312646E-02         2339         2497
   117   0.13538023212406175E-02         2693         4419
   118   0.12186801949184462E-02          339         6465
   119   0.17200808335341576E-02        10499          331
   120  -0.40778092682213982E-02          451          451
   121   0.11559475076206446E-02         2435         2691
   122  -0.14748013149072146E-02         3083         2627
   123   0.29846998873389534E-01         2627         4419
   124  -0.41089557630131411E-01         4419         4419
   125  -0.66191959288818616E-02         2131         2131
   126  -0.13345036557360374E-01         2123         2123
   127  -0.41105142215975450E-01         2435         2435
   128  -0.11544503330933647E-02         4483         4419
   129  -0.10608797317394807E-02         2435        16467
   130  -0.77043041608768782E-02         2131         3331
   131  -0.28309682128297453E-02         2691         4483
   132  -0.14087040149147179E-01        18499        18499
   133   0.12861364922669501E-02         2627        16467
   134  -0.14748136808515153E-02         2627         3083
   135   0.11540688507862009E-02         4419         4483
   136  -0.28285219924395933E-02         2691         4675
   137  -0.23540327562863343E-01         2435         2373
   138   0.22582545093279734E-02        18691        10307
   139   0.11197119636014311E-01         6465          327
   140   0.13219483380337549E-02         4419        16467
   141  -0.17867626677186010E-02         2691         4421
   142   0.24774365705249146E-02         4739         2435
   143  -0.14934176637118549E-02         3083         2435
   144  -0.13085662419703419E-02         2401         2401
   145  -0.52043622440661533E-02         2323         2323
   146  -0.14936268163549670E-02          331          331
   147   0.29846998911663744E-01         4419         2627
   148   0.24774578422297714E-02         2435         4739
   149   0.33271453470862696E-02         2691         2691
   150   0.17218566298443519E-02         4739         2373
   151   0.24775913882267749E-02         4739         4419
   152   0.10692155532866906E-02         2371         3265
   153  -0.14094854296332563E-01         3331         3331
   154  -0.76150016006717803E-02         2881         2881
   155   0.24776200507453851E-02         4419         4739
   156   0.35759040467889820E-02         2401         2373
   157   0.12113325628432894E-02         2435         8467
   158  -0.18706117122777192E-01          339          339
   159   0.13532934794740128E-02         2627         4485
   160   0.12861325497263722E-02        16467         2627
   161  -0.84529638973485071E-02         3139         2315
   162  -0.41243498368896724E-02         6211         6211
   163  -0.70198181500898110E-02          835         6211
   164  -0.11458499137137737E-02         4675         4419
   165  -0.10522802632190650E-01         8515         2315
   166   0.20560836965714297E-02         4483         4421
   167   0.29820325539026304E-01         2627         2435
   168   0.12112013942070456E-02         8467         2435
   169  -0.28311088708774424E-02         4483         4675
   170   0.20543635175081184E-02         2437         2691
   171   0.11511633498407030E-02         2435         4483
   172  -0.70220180923965302E-02         2243         2819
   173   0.19709545378782199E-02          355         6465
   174   0.20086732952021660E-02          355          327
   175   0.10776114868421656E-02          339          403
   176  -0.36133868332753586E-02         2373         2401
   177  -0.17470860357570311E-01         2373         2373
   178   0.13538870859724551E-02         4419         2693
   179  -0.28285370201980736E-02         4675         2691
   180   0.20563182688627716E-02         4483         2437
   181  -0.17883152641774269E-02         4483         2629
   182  -0.11512180559688809E-02         4483         2435
   183  -0.12841673632848836E-02         4421         2629
   184  -0.23477743651879105E-01         2627         2373
   185   0.16884338821093463E-02         2437         2437
   186   0.10371630439722889E-02         2693         2373
   187  -0.14114208280668512E-01        10499        10499
   188  -0.41029419675121893E-01         2627         2627
   189  -0.28311241994647168E-02         4675         4483
   190   0.16889436889164031E-02         4421         4421
   191   0.11458296912345636E-02         4419         4675
   192   0.33181357105919896E-02         4483         4483
   193   0.10126271327559081E-02         4485         2373
   194   0.13540977845872811E-02         4677         2435
   195  -0.14537049364426111E-02         1347         1347
   196  -0.11565836505530549E-02         4675         2627
   197   0.20547546697136060E-02         2691         2629
   198   0.10420160440850013E-02         2315         2497
   199  -0.10709093773109111E-02          595          339
   200  -0.28309678889741419E-02         4483         2691
   201  -0.17864103305733597E-02         4675         2437
   202   0.10375184251264116E-02         4677         2373
   203  -0.15144574940615947E-02         4677         2627
   204   0.11541415503354595E-02         2627         2691
   205   0.13542524951676070E-02         2435         4677
   206  -0.11560014674464165E-02         2691         2435
   207   0.13219438050071643E-02        16467         4419
   208   0.68642114840109219E-02         3139         2323
   209  -0.11545246126066853E-02         2691         2627
   210  -0.17863511670356714E-02         2437         4675
   211   0.20546229731592202E-02         2691         2437
   212   0.10659394552222285E-02         2371         2633
   213   0.68448453088017155E-02         2315         2323
   214   0.12682538770711787E-02         4419         8467
   215  -0.14550187676050388E-02        10307        10307
   216   0.20558542301590357E-02         4421         4483
   217   0.11565627064063452E-02         2627         4675
   218   0.24765251061691571E-02         2627         4739
   219   0.10362034374498823E-01         8515         3139
   220   0.10362032921160518E-01         3139         8515
   221  -0.12021803236336409E-02         3083         4419
   222  -0.10777779646771091E-02          403          339
   223   0.20545252337413190E-02         2629         2691
   224   0.20560589474357938E-02         2437         4483
   225   0.28554201833904374E-02         8515         2323
   226  -0.14894926621870958E-02         4419         4485
   227  -0.14893743408292324E-02         4485         4419
   228   0.10607462333451045E-02        16467         2435
   229  -0.14890420109258447E-02         4419         4677
   230   0.20551859243525001E-02         2629         4675
   231  -0.14781310661976899E-01         2315         2315
   232   0.12021906110576926E-02         4419         3083
   233  -0.23478068513875808E-01         2373         2627
   234  -0.14884739138167958E-02         2435         2693
   235  -0.12841671526798595E-02         2629         4421
   236  -0.14059689447244601E-01         3139         3139
   237   0.29071878930484281E-02         2373         2371
   238   0.10769967993652253E-01          339        10499
   239   0.12682428396412868E-02         8467         4419
   240   0.24764961561852105E-02         4739         2627
   241  -0.76142244630286807E-02         2497         2497
   242  -0.12838086296020879E-02         2629         2437
   243   0.20551602209920180E-02         4675         2629
   244  -0.23527909987302368E-01         2373         2435
   245   0.33290776699728365E-02         4675         4675
   246   0.39095781113552604E-02        16707         2131
   247  -0.15136438443545308E-02         2693         2627
   248   0.13532092697843153E-02         4485         2627
   249   0.10185293754717323E-02         6465        10499
   250  -0.14898899012983080E-02         2435         4485
   251  -0.43552275874405352E-02         2401         2627
   252   0.10173440264874326E-02         2881         3331
   253  -0.15144371710069245E-02         2627         4677
   254  -0.20199353510559617E-02         2119         2147
   255   0.10417077338028132E-02         2497         2315
   256  -0.23530425601941816E-01         2373         4419
   257   0.17217204685774428E-02         2373         4739
   258  -0.15137621409562290E-02         2627         2693
   259  -0.84529084803435864E-02         2315         3139
   260  -0.14896292190434690E-02         4485         2435
   261   0.11197314858018326E-01          327         6465
   262  -0.12839279832115701E-02         2437         2629
   263  -0.12654237727250726E-02         2437         4421
   264  -0.12653046533257939E-02         4421         2437
   265  -0.17881369694392054E-02         2629         4483
   266   0.10371461032868069E-02         2373         2693
   267  -0.43566953022148008E-02         2401         4419
   268   0.68641676114177229E-02         2323         3139
   269   0.10375175917035359E-02         2373         4677
   270  -0.14890624058822464E-02         4677         4419
   271   0.20551385331559410E-02         4421         4675
   272   0.20551131933382273E-02         4675         4421
   273   0.10551587306201092E-01          339        18499
   274  -0.10522732025223545E-01         2315         8515
   275  -0.54332858256299459E-02        10561        10561
   276  -0.11891280236943892E-01         2311         2311
   277  -0.22578992046748572E-02        10307         1347
   278  -0.14882132860017741E-02         2693         2435
   279  -0.22584506933826720E-02        18691         1347
   280  -0.17865847349628904E-02         4421         2691
   281  -0.54362143823635141E-02         3393         3393
   282   0.10709019662662553E-02          339          595
   283   0.10126097845707519E-02         2373         4485
   284   0.17200908359545517E-02          331        10499
   285  -0.40643002136071370E-02         2243         2243
   286   0.20281750267445034E-02         2339         2311
   287  -0.54447118191108734E-02         2377         2377
   288  -0.27912793362537881E-02          331        18499
   289   0.10015212102320406E-02         8467         2627
   290  -0.10015293161909648E-02         2627         8467
