     1  -0.98639572275496967E+00         2371         2371
     2   0.65337974116828623E-02         2435         2371
     3  -0.65837243643965303E-02         2371         2435
     4  -0.23805696639730882E-02         2371         4449
     5   0.10703386062815028E-02         2371        22593
     6  -0.66578023326994184E-02         2371         4419
     7   0.66609268951013378E-02         4419         2371
     8   0.22619163990324001E-01         2371         4483
     9   0.22584578772990712E-02         1347        18691
    10   0.12009201105606011E-02         4433         2371
    11  -0.80861768764575338E-02         2371        26627
    12   0.14571396395577450E-02        18691        18691
    13  -0.80859741985413094E-02        26627         2371
    14   0.73752384073986826E-02        16459         2371
    15  -0.20312318346805396E-02          355          327
    16  -0.23809056185295796E-02         4449         2371
    17   0.12011447691373015E-02         2371         4433
    18  -0.11199869495519932E-01         6465          327
    19  -0.10992627217868830E-02        17217         2371
    20   0.22583324588853876E-02        18691         1347
    21  -0.10677128470290031E-02         2371         3265
    22  -0.10727844077016760E-02         3265         2371
    23  -0.12204866095373244E-01         2371         2437
    24  -0.12208235450232476E-01         4421         2371
    25  -0.87843039821089153E-02         2371         8459
    26   0.10514209711393850E-01         2315         8515
    27   0.10851795070208723E-02         3841         2371
    28   0.80822177175549556E-02         9283         2371
    29   0.13786969047514501E-01         8467         2371
    30   0.43567360739172499E-02         2401         4419
    31   0.22616315016316082E-01         4483         2371
    32  -0.11187490010858833E-01         2881         2119
    33  -0.10660120028091102E-02         2633         2371
    34   0.80936858615836219E-02        17667         2371
    35   0.10975614864966188E-02         2441         2371
    36   0.70230191860902605E-02         2243         2819
    37  -0.23811740026744811E-02         2371         2657
    38  -0.28548230455371234E-02         2323         8515
    39  -0.10368035450412861E-01        16707         3331
    40   0.23533610170702737E-01         2435         2373
    41   0.73753305418987102E-02         2371        16459
    42   0.54049883030267698E-02         2385         2385
    43   0.10896645883258437E-02         2371         2441
    44  -0.12179335476989505E-01         2371         4421
    45  -0.12168750750772925E-01         2371         2629
    46   0.22611777251749180E-01         2371         2691
    47   0.17473276164120668E-01         2373         2373
    48  -0.65611408963871182E-02         2371         2627
    49   0.10846171358709208E-02         2371        14593
    50   0.80938971684750994E-02         2371        17667
    51  -0.10457085461976052E-02         2497         2315
    52   0.10034195752970454E-02         3139         2497
    53  -0.10630957025406953E-02         2371         8641
    54  -0.22580972506657188E-02        10307        18691
    55  -0.12203360631859365E-01         2629         2371
    56   0.10843388606551470E-02        14593         2371
    57  -0.11816365970032338E-02         6465          339
    58   0.10359013369785338E-01        18499        10499
    59  -0.87837930165091827E-02         8459         2371
    60   0.65639066005849398E-02         2627         2371
    61   0.14091182503943542E-01        16707        16707
    62   0.40635887498440427E-02         2819         2819
    63  -0.28549460993703341E-02         8515         2323
    64  -0.39113366450571662E-02        16707         2131
    65   0.80838615737584898E-02         2371         9283
    66  -0.23809184316669636E-02         2465         2371
    67  -0.16465261248024842E-01         3083         2371
    68  -0.19552346112981108E-02         2147         2881
    69   0.20175322704003690E-02         2119         2147
    70   0.70066679650775381E-02          451         6403
    71  -0.10191605849728341E-01         2123        16707
    72  -0.23804986992213609E-02         2371         2465
    73  -0.12204901119739783E-01         2437         2371
    74   0.10069728544851502E-02         8515         2497
    75  -0.10350432825245465E-01         3139         8515
    76   0.54134553703977673E-02         2377         2377
    77   0.64206982745159550E-02         2131         2131
    78  -0.36056826110419530E-02         2401         2373
    79   0.13046677951312066E-02         2401         2401
    80   0.22638373286731593E-01         4675         2371
    81   0.14682336483798691E-01         2371        16467
    82   0.10854028385193450E-02         2371         3841
    83   0.54142270306412315E-02        10561        10561
    84  -0.10367619162333022E-01         3331        16707
    85  -0.23703278369087743E-02         2657         2371
    86  -0.10732383707370940E-02         8641         2371
    87  -0.10657670911580104E-02         2371         2633
    88  -0.10191604253369315E-01        16707         2123
    89   0.14682127976265467E-01        16467         2371
    90   0.40880901100521436E-02          835          835
    91   0.10514520817484656E-01         8515         2315
    92   0.20198882952608345E-02          327          355
    93  -0.10782999009660161E-01          339        10499
    94   0.77516747664510373E-02         2123         3331
    95  -0.16466189751870572E-01         2371         3083
    96   0.13787493938151060E-01         2371         8467
    97   0.14100055354623593E-01         8515         8515
    98   0.22609037113556513E-01         2691         2371
    99   0.22608418434433078E-01         2371         4675
   100   0.29310444139536295E-02         2371         2373
   101  -0.68580118952318806E-02         3139         2323
   102   0.40818958501647514E-02         6403         6403
   103   0.23514767533506221E-01         2627         2373
   104  -0.11200125670204333E-01          327         6465
   105   0.77032904199163393E-02         2131         3331
   106   0.77227562027580021E-02         2497         2497
   107  -0.10047021060394098E-02         6465        18499
   108  -0.19719119600328876E-02          355         6465
   109   0.23536698443420025E-01         4419         2373
   110  -0.10994402825919996E-02         2371        17217
   111   0.10701159730237791E-02        22593         2371
   112   0.14090265237907169E-01        10499        10499
   113  -0.10782671525694589E-01        10499          339
   114  -0.10358421272220374E-01         8515         3139
   115   0.77029946326216169E-02         3331         2131
   116   0.41082250872962807E-01         4419         4419
   117   0.11976529277949724E-01          327          327
   118   0.43558671843215557E-02         2627         2401
   119  -0.11821570014848813E-02          339         6465
   120  -0.29799423135900584E-01         4419         2435
   121  -0.11199438684612440E-01         2119         2881
   122  -0.39113605729715816E-02         2131        16707
   123   0.12658041342230905E-02         4421         2437
   124  -0.29806205982723460E-01         2627         2435
   125  -0.11390240540512231E-02         4419         4483
   126   0.11780806109561517E-01         2119         2119
   127   0.23533051167636015E-01         2373         2435
   128  -0.11199402399028103E-01         2497         2311
   129  -0.29828724602588064E-01         2627         4419
   130   0.11666916168724182E-02         4483         2435
   131  -0.10127052073444726E-02         4677         2373
   132   0.11546124815178507E-02         2691         2435
   133   0.35683439796426910E-02         2373         2401
   134  -0.13366473194846393E-02        16467         4419
   135   0.23520980260710887E-01         2373         4419
   136   0.41094315961519072E-01         2627         2627
   137  -0.11429422172220597E-02         4419         4675
   138  -0.29828545044406407E-01         4419         2627
   139  -0.10127597368900377E-02         4485         2373
   140   0.43562763585436844E-02         4419         2401
   141   0.14075288636290663E-01         3139         3139
   142  -0.33301057424713308E-02         4675         4675
   143   0.14748739774293441E-02         3083         2627
   144  -0.10155257969281792E-02         2881         3331
   145   0.28306307242755382E-02         4675         4483
   146   0.14749220285654929E-02         2627         3083
   147   0.10358639899065865E-01        10499        18499
   148   0.11557995786183296E-02         4675         2627
   149   0.14885937745239544E-02         2435         4485
   150  -0.12020320993580320E-02         4419         3083
   151  -0.17196837712523992E-02        10499          331
   152   0.77511715517933292E-02         3331         2123
   153  -0.24766225769670023E-02         4419         4739
   154  -0.29816441269070102E-01         2435         2627
   155  -0.29559293868450173E-02         2373         2371
   156   0.41109054478814230E-01         2435         2435
   157  -0.13366652525062621E-02         4419        16467
   158   0.17875227019055675E-02         2629         4483
   159  -0.20552853689464138E-02         2691         2629
   160  -0.12902283354693782E-02        16467         2627
   161  -0.11546288668033238E-02         2627         4675
   162  -0.20555710196870319E-02         4421         4483
   163   0.14893237426529180E-02         2693         2435
   164   0.11441360329740153E-02         4675         4419
   165  -0.33181386753148323E-02         4483         4483
   166   0.17877690524929551E-02         4483         2629
   167   0.14881419834050899E-02         2627         2693
   168  -0.12323740701067132E-02         8467         2435
   169   0.14883668881059463E-02         4677         2627
   170  -0.13534104676797048E-02         2693         4419
   171  -0.11543915114224086E-02         2627         2691
   172  -0.12902012370859927E-02         2627        16467
   173  -0.20553777644877129E-02         2437         4483
   174  -0.11550132067646274E-02         2435         2691
   175  -0.24766030359046616E-02         4739         2435
   176  -0.20557417278883848E-02         4483         4421
   177   0.43570265909483067E-02         2401         2435
   178   0.28299030285341940E-02         2691         4483
   179  -0.24769258953955412E-02         4739         2627
   180  -0.19707129885683634E-02         2881         2147
   181  -0.20560408680831291E-02         4483         2437
   182  -0.13549704396239000E-02         4677         2435
   183  -0.24772918941305673E-02         4739         4419
   184  -0.20558618467199715E-02         2691         2437
   185  -0.10604554531521988E-02        16467         2435
   186   0.28303376067530493E-02         4483         4675
   187   0.27909377210599685E-02        18499          331
   188   0.43278042287871101E-02         2401         2627
   189   0.10115796455106502E-02         2497         8515
   190   0.76106726409465092E-02         2881         2881
   191   0.28298760928936726E-02         4675         2691
   192   0.23503180007682322E-01         2373         2627
   193   0.28300445963302129E-02         4483         2691
   194  -0.13534878711979890E-02         4485         2627
   195   0.11562475238152637E-02         2691         2627
   196  -0.20558995239343047E-02         4675         4421
   197  -0.17219701965485031E-02         2373         4739
   198   0.14884655086255215E-02         4485         4419
   199   0.14886355184861137E-02         2627         4677
   200  -0.19714536578465894E-02         2497         2339
   201   0.43565211794798116E-02         2435         2401
   202  -0.33292341785008525E-02         2691         2691
   203  -0.24761358523524646E-02         2627         4739
   204  -0.20554056245988450E-02         2437         2691
   205   0.14889661728925683E-02         4419         4485
   206   0.18514628988454133E-01          339          339
   207  -0.10012924381346902E-02        18499         6465
   208   0.14886472525960132E-02         4677         4419
   209  -0.17197328774103584E-02          331        10499
   210   0.10708948799482098E-02          595          339
   211  -0.12637258833962401E-02         4419         8467
   212   0.28295458597364532E-02         2691         4675
   213  -0.12637474875935172E-02         8467         4419
   214  -0.22580437479217583E-02        18691        10307
   215  -0.68618980015270952E-02         2323         3139
   216   0.54095357174987774E-02         3393         3393
   217  -0.20708305696213185E-02         2629         4675
   218  -0.20708384021395285E-02         4421         4675
   219  -0.17023299554118838E-02         2629         2629
   220   0.17872533944119488E-02         2691         4421
   221  -0.20558217035568423E-02         4675         2629
   222   0.14894136946853875E-02         4485         2435
   223   0.14079567025423605E-01        18499        18499
   224  -0.17037529851164251E-02         4421         4421
   225  -0.17221991726557621E-02         4739         2373
   226   0.70203515619784744E-02          835         6211
   227   0.14889420104949552E-02         4419         4677
   228   0.84608695140638082E-02         2315         3139
   229   0.14878763399340498E-02         2693         2627
   230  -0.10707024542775878E-02          339          595
   231   0.54155757354887746E-02        18753        18753
   232  -0.29801438524211167E-01         2435         4419
   233   0.15327582145598024E-02          331          331
   234   0.14771206527402578E-01         2315         2315
   235   0.12655719540942308E-02         2629         2437
   236  -0.68422079603223983E-02         2315         2323
   237  -0.10538452221917741E-01        18499          339
   238   0.13352632867582741E-01         2123         2123
   239   0.10611102576888745E-02         2435        16467
   240   0.17876236195248764E-02         4675         2437
   241   0.11406653474470003E-02         4483         4419
   242   0.12850026844370146E-02         4421         2629
   243  -0.19715600428896912E-02         2339         2497
   244  -0.10239849782390734E-02         2373         2693
   245   0.14084618999105914E-01         3331         3331
   246  -0.19714269320747655E-02         6465          355
   247  -0.20551397963467018E-02         2629         2691
   248  -0.76759688356682117E-02         2131         2123
   249   0.41298100065765469E-02         2243         2243
   250  -0.11668091017328433E-02         2435         4483
   251   0.22581792930746122E-02        10307         1347
   252  -0.10538387796311444E-01          339        18499
   253  -0.11197752224069579E-01         2311         2497
   254   0.76759328322386468E-02         2123         2131
   255   0.12017744934100796E-02         3083         4419
   256  -0.13538482350329097E-02         4419         2693
   257   0.14908992270968218E-02         1347         1347
   258   0.14930710884274439E-02         3083         2435
   259   0.14794730995866105E-02         2435         3083
   260  -0.10221883022811095E-02         3331         2881
   261   0.70206349934725772E-02         6211          835
   262   0.20097423384800848E-02         2311         2339
   263   0.12849995599016309E-02         2629         4421
   264   0.22582098418606608E-02         1347        10307
   265   0.68421031626537216E-02         2323         2315
   266  -0.10124457888037847E-02         2693         2373
   267   0.12806561766436769E-02         2437         4421
   268   0.12805281202143573E-02         2437         2629
   269   0.14626266126501614E-02        10307        10307
   270  -0.24759649715321414E-02         2435         4739
   271   0.27909283356131577E-02          331        18499
   272   0.14884488374703956E-02         2435         2693
   273  -0.10243484928437782E-02         2373         4485
   274  -0.10793809323775883E-02          339          403
   275   0.70069247330430172E-02         6403          451
   276   0.11869482351531895E-01         2311         2311
   277   0.17871110821642807E-02         4421         2691
   278   0.84529864537144540E-02         3139         2315
   279   0.70230174233317328E-02         2819         2243
   280  -0.16894147616957366E-02         2437         2437
   281   0.10800975441205370E-02          403          339
   282   0.18024026288184661E-02         2437         4675
   283   0.49482515253925427E-02         2323         2323
   284   0.75953170653673520E-02         6465         6465
   285  -0.13542695888255415E-02         2435         4677
   286  -0.12329858506505867E-02         2435         8467
   287  -0.10388981299420715E-02         2315         2497
   288  -0.20211424410351412E-02         2339         2311
   289   0.40769420897640166E-02         6211         6211
   290  -0.13538958111271903E-02         2627         4485
