     1   0.96179709062956920E+00        17439        17439
     2   0.11880206855154727E-01       132127        17467
     3   0.16307595602978453E-01        18479        17439
     4   0.52949013418573639E-02        18575        17439
     5  -0.86919882613765223E-02        50191         1087
     6  -0.52875576288772350E-02        18971        17439
     7   0.13851836839871401E-01        17439        18711
     8   0.10865744337597209E-01        17439        20559
     9   0.13520227284524714E-01        17947       132127
    10  -0.23573419760553122E-01        50199        50199
    11   0.27844050170601237E-01        17439        18463
    12  -0.28270035907775468E-01        18463        17439
    13   0.70518549243383513E-02        24847        17439
    14   0.75955814481679252E-02        36895        17439
    15   0.13397949989567341E-01       132375        17439
    16   0.70680543692337493E-02       132367        17439
    17   0.13200692382197909E-01        18463        17467
    18  -0.10391459712523895E-01        20511        33823
    19   0.87864624019951768E-02        17439        18583
    20   0.54899889302007831E-02       148507        50203
    21   0.10835388837341343E-01        20559        17439
    22  -0.86888292434727718E-02        16447        19471
    23  -0.52510355917264138E-02        17439        24635
    24  -0.60072636241538255E-02        17439        18715
    25   0.28622015702092461E-01       132127        33823
    26   0.53003060961235903E-02        17439        18575
    27  -0.79606298748557021E-02        17439        69663
    28  -0.11907864170988222E-01        17439       133151
    29  -0.72952206071041411E-02        66711        17439
    30  -0.69170908071247306E-02        20511        17563
    31  -0.26301309665612768E-01        33823        17439
    32  -0.67659984157211429E-02        17691        17947
    33  -0.72816944067496349E-02        20631        17439
    34  -0.69963316742278885E-02        50203         1087
    35  -0.11964835173956922E-01       133151        17439
    36  -0.51942871243742935E-02        17439        18491
    37  -0.58583429895151728E-02        17439        34075
    38  -0.89087817667332213E-02        17495        33823
    39   0.76728392302131271E-02        67615        17439
    40   0.14634616987065287E-01        34063        17439
    41  -0.73096005685385386E-02        17439        20631
    42  -0.37954418782722738E-01        17439        34847
    43   0.13959974726015666E-01        18711        17439
    44  -0.14101582861829236E-01       139295        17439
    45   0.76616897270778877E-02        17559        24607
    46  -0.41547924477559388E-01        17487        17487
    47  -0.79648087484520125E-02        69663        17439
    48  -0.69931418880314674E-02        25115        17439
    49  -0.14119411860223729E-01        17439       139295
    50  -0.57076543161685258E-02        34075        17439
    51   0.87566697335824777E-02        18583        17439
    52   0.26337413012118598E-01        17439        33823
    53   0.87365261505529968E-02        17439        33943
    54  -0.38012656832989752E-01        34847        17439
    55   0.14825670534601529E-01        17439        18703
    56   0.70623556960759211E-02        17439       132367
    57  -0.63991371274059860E-02        19483        19483
    58   0.52377700001202216E-02        17439        33935
    59   0.13392745823568091E-01        24855        17439
    60   0.16245512274337761E-01        17439        33839
    61  -0.10385502754698822E-01        33823        20511
    62  -0.61329264094599394E-02        25627        16447
    63  -0.51673862683264959E-02        18491        17439
    64  -0.51729761172302413E-02         1311         1311
    65   0.10031886907056680E-01        17947        33823
    66   0.13345094830697242E-01        17439        24855
    67  -0.58469335969098457E-02         1567       148507
    68   0.13836986477564824E-01        17439        34071
    69   0.11960502757359819E-01        17467        24607
    70   0.76910810908369020E-02        17439        36895
    71   0.62333968952783241E-02        17495        66591
    72  -0.52713433576461032E-02        16447        16927
    73  -0.17755936124453503E-01        17455        17455
    74   0.13075724516251537E-01        66591        17439
    75   0.55036416325045467E-01        33823        18463
    76  -0.79962155370831532E-02        17551        17487
    77  -0.60796724407747860E-02       148507       148507
    78  -0.19284592090699892E-01        24607        17687
    79   0.68288448792996692E-02        17947        17691
    80  -0.70130812276299323E-02         1087        50203
    81  -0.52405331336975898E-02        24635        17439
    82  -0.95410126895442218E-02        17563        17563
    83   0.11260237946444757E-01        17691        18463
    84   0.14579652374999596E-01        17439        34063
    85  -0.13116343011294903E-01        17439        20511
    86   0.16724286303633009E-01        17439        18479
    87  -0.98191842180667451E-02        34847        18463
    88  -0.76438354087512541E-02        16447        16447
    89   0.13209872239700509E-01        17467        18463
    90   0.10805816666786426E-01        17439        66639
    91  -0.11837135419468523E-01        17439        40991
    92   0.58619812244098644E-02        17563        17679
    93  -0.58972115429712950E-02        18715        17439
    94   0.14638377701124037E-01        18703        17439
    95  -0.21321910862461761E-01        17687        33823
    96   0.63663536598440483E-02        18195        17439
    97  -0.12025092692120674E-01        17691        17691
    98   0.10848133965431645E-01        66639        17439
    99  -0.58708619704801006E-02         1087       148507
   100   0.10075865778932627E-01        17687        17563
   101   0.11112439349400387E-01        33823        17487
   102  -0.67379306859014585E-02       132635        17439
   103  -0.94303734992235346E-02        17439       132127
   104   0.87744302657542968E-02        33943        17439
   105  -0.74476946281878250E-02        50203         1183
   106   0.65090483121998891E-02        17943       132127
   107   0.61684115323218519E-02        17691        24607
   108   0.53111082476486760E-02        33935        17439
   109  -0.77559199427050130E-02        33823        17455
   110   0.53997949023208954E-02        17563        17487
   111   0.13345395069004073E-01        17439       132375
   112  -0.88792671759853718E-02        18463        17495
   113   0.95791946054477294E-02       132127        17439
   114  -0.94292498907845683E-02        17439        24607
   115  -0.66845308447778641E-02        82967        50199
   116  -0.17914308811059487E-01        17487        66591
   117  -0.68915756326712397E-02        66591        17563
   118  -0.67668669028839758E-02        50203        50203
   119  -0.10323513585823249E-01       132127        17679
   120  -0.13805538341346497E-01        20511        18463
   121   0.13764969884499417E-01        17563        33823
   122  -0.24710756533946721E-01        50191        50199
   123   0.63590387929232748E-02        17467        17679
   124  -0.31611528250009333E-01        17687        17687
   125  -0.78819298390618089E-01        33823        33823
   126   0.18917560665599936E-01        33823        24607
   127   0.18883578369591918E-01       132127        18463
   128   0.13459071667089539E-01        20511        17439
   129   0.19047455822542053E-01        24607        33823
   130   0.92780457322424476E-02        24607        17439
   131  -0.71710060277831627E-02        17487        17559
   132  -0.28617655943200055E-01        33823       132127
   133  -0.14758763005643763E-01        17679        33823
   134  -0.65316060917427268E-02         1183         1183
   135   0.55295851281053354E-01        18463        33823
   136  -0.20979147365310365E-01        17687        18463
   137   0.99553331873525452E-02        33823        34847
   138  -0.52860580815953431E-02        17439        18971
   139  -0.14786702100110936E-01        33823        17679
   140   0.16539968146805546E-01        33839        17439
   141   0.71427122162690459E-02        17691        17563
   142  -0.10397399832336741E-01        17947        17947
   143   0.13952390616198599E-01        17679        17687
   144  -0.54909404352887371E-02        50203       148507
   145   0.95925803158120326E-02        20511        66591
   146  -0.21159686750969787E-01        33823        17687
   147  -0.64890113732287789E-02        16543        16543
   148  -0.85688337995248956E-02        17455        17679
   149   0.64704868588359651E-02        17943        24607
   150  -0.62396119606735936E-02        17467        17691
   151  -0.13725210992292035E-01        66591        33823
   152  -0.69083366233743766E-02        17563        20511
   153   0.13702006920645372E-01        33823        66591
   154  -0.87226193643796905E-02        19471        16447
   155  -0.55136172523012105E-02        33823        17551
   156  -0.11786947133927961E-01        40991        17439
   157  -0.13380383566282393E-01        17439        66591
   158  -0.76345367146500621E-02        17467        17947
   159   0.86369656798943942E-02        20511        17559
   160   0.63653618449684745E-02        17439        18195
   161  -0.78238547474062378E-01        18463        18463
   162   0.88907183742248392E-02        17687        17943
   163  -0.13039690748426532E-01        17679        17679
   164  -0.69003529867020554E-02        17563        66591
   165   0.11529361631964195E-01        17691        33823
   166  -0.60393388894985226E-02        16447        25627
   167   0.85069494606285507E-02        66591        17559
   168  -0.10421046131010813E-01        18463        66591
   169   0.58697128764355041E-02        19479        16671
   170   0.85584007095853114E-02        17679        17455
   171   0.66799372791364530E-02        50199        82967
   172  -0.19429623415461332E-01        17687       132127
   173  -0.74456326275836177E-02        17455        33823
   174   0.76929850390371106E-02       132127        17559
   175   0.28040363551102853E-01        24607        18463
   176   0.61862887355793265E-02        17691       132127
   177   0.61948179785085598E-02        17691        17467
   178   0.57556306814255612E-02        17691        17679
   179   0.13301476540222304E-01        17467        33823
   180  -0.13769184444545807E-01        17687        17679
   181  -0.69884809177615491E-02        17495        17687
   182   0.13790982781862979E-01        17563        18463
   183   0.75078017017908829E-02        17563        24607
   184  -0.71901718711902124E-02        17563        17691
   185  -0.67125312746879138E-02        17439       132635
   186   0.98923917810856219E-02        18463        17947
   187   0.13911232287169863E-01        34071        17439
   188  -0.10415814394473968E-01        66591        18463
   189  -0.17957284984157201E-01        66591        17487
   190   0.57813012718442771E-02        82959         1119
   191  -0.10354241512288561E-01        17679       132127
   192   0.11075564678959451E-01        17487        33823
   193   0.75718598278358964E-02        17439        67615
   194  -0.71226415481507417E-02        17467        17467
   195  -0.54503365012816022E-02        17551        33823
   196  -0.11781283108109325E-01        20511        20511
   197  -0.72664774141166476E-02        17439        66711
   198  -0.10682529002235031E-01        17679        17487
   199   0.85247701162416249E-02        17559        20511
   200   0.74816285215125299E-02        24607        17563
   201   0.70529992767827589E-02        17439        24847
   202  -0.18005885245089438E-01        17487        20511
   203   0.11858233883897408E-01        17467       132127
   204  -0.75687875904641658E-02        18463        17455
   205   0.62758419603055355E-02        66591        17495
   206   0.86141886141031417E-02        17559        66591
   207   0.76964340318588526E-02        17559       132127
   208  -0.28931646809407158E-01       132127       132127
   209   0.79993968807052125E-02        17487        17551
   210   0.89531083053569823E-02        17467        17687
   211  -0.11268663772049159E-01        17947        17687
   212  -0.53941333582739311E-02        50203        50191
   213   0.53194351264754958E-02        50191        50203
   214   0.10104723973774030E-01        17563        17687
   215  -0.72125448502669796E-02        17559        17487
   216   0.87806719041023818E-02        17607        17439
   217  -0.19313072731415037E-01        17687        24607
   218  -0.71266480804989584E-02        16447        19483
   219   0.11487251603061197E-01        33823        17691
   220   0.53944326989449299E-02        17487        17563
   221  -0.67438591345234337E-02        17947        17679
   222   0.10127680625253070E-01        82967        50191
   223   0.13811119849267523E-01        18463        20511
   224   0.20094991292196506E-01       132127        24607
   225   0.11008616637358828E-01        18463        17487
   226   0.64005758650902481E-02        17679        17467
   227  -0.19342154170114961E-01       132127        17687
   228  -0.56041999577386564E-02        19483        25627
   229  -0.11286496901671043E-01        17687        17947
   230   0.13334315978458891E-01        33823        17467
   231  -0.74257521439029459E-02        16543        19483
   232   0.62860133373283805E-02       132127        17691
   233  -0.56727113279293803E-02        17679        17691
   234  -0.53543209100077550E-02        17559        17551
   235   0.56031043184574187E-02        25627        19483
   236   0.13522388469357473E-01        17947        24607
   237   0.18918181004831756E-01        18463       132127
   238  -0.15406571694421124E-01        17559        17559
   239   0.52243172152832270E-02        17439        18959
   240   0.10473154099073824E-01        17495        17487
   241   0.62486004729829167E-02        20511        17495
   242  -0.67577964011786666E-02        17679        17947
   243  -0.50016577477668030E-02        17691        66591
   244   0.13844501021280934E-01        33823        17563
   245   0.11536940628558440E-01        18463        17691
   246   0.70013856433152975E-02        17687        17495
   247   0.13551226383915902E-01       132127        17947
   248  -0.89134520426757125E-02        17943        17687
   249   0.59276469621213530E-02        17679        17563
   250   0.13488452417945000E-01        24607        17947
   251   0.52506524242754270E-02        17691        17687
   252  -0.66948437237105453E-02         1567         1567
   253  -0.58232389128226375E-02        16927        25627
   254   0.10025254218821163E-01        33823        17947
   255  -0.28523415146956294E-01        24607        24607
   256   0.11125106198749341E-01        17487        18463
   257  -0.14880246147298532E-01        18463        17679
   258  -0.55868765795443111E-02        18463        17551
   259   0.59221071546836767E-02         1311        50199
   260   0.96828595959624255E-02        34847        34847
   261  -0.59191118707898173E-02        25627        16927
   262  -0.53666035666638271E-02       133151        34847
   263   0.76365915124665222E-02        17947        17467
   264  -0.28176206693492242E-01        18463        24607
   265   0.75113749879866399E-02        17563       132127
   266  -0.70209346418087133E-02        17439        25115
   267   0.62859139799787628E-02        17495        20511
   268   0.13719735420963261E-01        18463        17563
   269  -0.57390426310124721E-02       148507         1567
   270  -0.53184070814071664E-02         9247       147487
   271  -0.61441481433497178E-02        25627        25627
   272   0.57969833114169195E-02        16479        21519
   273  -0.51961987895921807E-02        82959        50199
   274  -0.10208606799306439E-01        17487        17495
   275   0.75389497115526099E-02       132127        17563
   276   0.55611944210587315E-02        19471        19483
   277   0.65102608063583164E-02        24607        17943
   278   0.10685346398148306E-01        17487        17679
   279   0.98900880581586619E-02        17947        18463
   280  -0.57357381332516994E-02       148507         1087
   281   0.53276074575871902E-02        25623        16671
   282   0.52687311135861401E-02        16671        25623
   283   0.95727920512084005E-02        66591        20511
   284  -0.25706879743052812E-01        19471        19479
   285  -0.69261131499944589E-02        16927        16927
   286   0.10024007877181598E-01        50191        82967
   287   0.89186490720174465E-02        17687        17467
   288   0.64663053984902212E-02       132127        17943
   289   0.87818551259938628E-02        17439        17607
   290  -0.51586655957447814E-02       148503       148503
   291  -0.88890314848046326E-02        33823        17495
   292  -0.88345889063487695E-02        17495        18463
   293  -0.11703017036106723E-01        66591        66591
   294  -0.14689860612690637E-01        17679        18463
   295   0.98255005737095079E-02        18463        34847
   296  -0.21086296335293332E-01        18463        17687
   297  -0.75108481448743249E-02        19483        16543
   298  -0.10286672535686939E-01        24607        17679
   299  -0.17965870421502102E-01        20511        17487
   300  -0.55490463163258624E-02        17551        18463
   301  -0.56549263109150906E-01        50191        50191
   302  -0.13198417516700060E-01        82959        50191
   303  -0.63553779510725659E-02        17455        17439
   304  -0.74874836616870711E-02         1183        50203
   305  -0.77916631620213771E-02        17455        18463
   306   0.53262033346205395E-02         1311       148503
   307  -0.99613451532554256E-02        34847        33823
   308   0.76595780401596467E-02        24607        17559
   309  -0.87286640556670167E-02         1087        50191
   310  -0.10273915045214169E-01        17679        24607
   311  -0.66056298434993407E-02         3103         3103
   312  -0.52188089521095892E-02        33823        17935
   313   0.10504331684216467E-01        19471        21527
   314   0.62219753189765902E-02        24607        17691
   315  -0.14762601390733408E-01        49183         3103
   316  -0.53520793231529818E-02        40991        34847
   317  -0.15593609343744257E-01         3103        49183
   318   0.52806288794542064E-02        16927        16447
   319   0.11947114486431985E-01        24607        17467
   320  -0.72606547866063565E-02        19483        16447
   321   0.58382431256937071E-02        16671        19479
   322  -0.60260883422789992E-02         9247        49183
   323   0.20099217475778260E-01        24607       132127
   324  -0.58159973522926046E-01        19471        19471
   325   0.25307058729699575E-01        50199        50191
   326  -0.60339741421383793E-02         3103       147487
   327  -0.50316061591675447E-02        16671        19483
   328  -0.50677624732179960E-02        19483        16671
   329   0.58510584189271761E-02        17439        17455
   330   0.13195232677581189E-01        50191        82959
   331  -0.57391422508985173E-02        49183         9247
   332   0.54716998075018553E-02        17551        17559
   333   0.53822855850228814E-02        34847       133151
   334  -0.52491426296453767E-02        50199        82959
   335  -0.83138214256579177E-02        19471        35855
   336  -0.50581226437599351E-02        16671        16671
   337   0.58455089187167564E-02        50199         1311
   338  -0.50223082703757345E-02        20511        17691
   339   0.52599792587983921E-02       148503         1311
   340   0.62987261289727519E-02        19479        21527
   341  -0.50361580559729379E-02         1311        50203
   342   0.99265411000839104E-02        51215        50191
   343  -0.21533379548472977E-01        19479        19479
   344  -0.87009497081766366E-02        82959        82959
   345   0.78303335608655000E-02        35855        35855
   346   0.57692863900895763E-02         1119        82959
   347   0.13266942898310282E-01        19471        21519
   348  -0.51912988433454000E-02        25623        25623
   349  -0.86191364663112963E-02        21519        21519
   350  -0.13441511518180084E-01        21519        19471
   351   0.75216264909030960E-02        51215        51215
   352  -0.98188020558272245E-02        50191        51215
   353   0.87808345016564902E-02        35855        19471
   354   0.53602796167622063E-02        34847        40991
   355  -0.50275988925196392E-02        50203         1311
   356  -0.51926897604497061E-02        17935        18463
   357   0.51603210419077419E-02        34319        17439
   358   0.57795245493869754E-02        21519        16479
   359  -0.60322926206445443E-02        21527        19479
   360   0.90454339279336087E-02        21527        19471
