     1   0.96541666305227125E+00        17439        17439
     2   0.23426151999257988E-01        19479        19471
     3  -0.27770217138848221E-01        33823        17439
     4   0.12756499799101758E-01       132127        17467
     5  -0.21773615326029044E-01        33823        17687
     6  -0.12191148749284401E-01        17439        40991
     7  -0.14704306297868628E-01       139295        17439
     8   0.16089703374660702E-01        34063        17439
     9   0.10764119003761881E-01        17607        17439
    10  -0.14779113170546750E-01        17439       139295
    11  -0.12045975983787524E-01       133151        17439
    12  -0.24409144739972598E-01        18463        17439
    13   0.11054183258154330E-01        17495        17487
    14   0.10896531819480838E-01        17947        18463
    15   0.15020521651048236E-01        17467        33823
    16  -0.12153290729616335E-01        17439       133151
    17   0.10898772041150157E-01        17947        33823
    18   0.11442897787038926E-01        17439        66639
    19   0.11597672360001017E-01        66639        17439
    20   0.12779311435011998E-01        17467        24607
    21   0.14916420768704426E-01        18463        20511
    22   0.14399250677884005E-01        17947       132127
    23   0.16028904439276299E-01        18703        17439
    24   0.13755263935742171E-01        19471        21519
    25   0.23932209333811200E-01        17439        18463
    26  -0.37412994566324582E-01        17439        34847
    27   0.13804427616977671E-01        17439       132375
    28  -0.12039158041961165E-01        40991        17439
    29   0.13720368077167477E-01       132375        17439
    30   0.19438938616701172E-01       132127        18463
    31   0.18917048457777495E-01        17439        33839
    32  -0.15184602575628977E-01        33823        17679
    33  -0.11918081028995419E-01        17947        17687
    34   0.14500592423862270E-01        18711        17439
    35   0.15893878909001534E-01        17439        18703
    36   0.19604719226472410E-01        18463       132127
    37   0.13796872208712766E-01        17439        24855
    38  -0.11052091245404794E-01       132127        17679
    39   0.15901229494612208E-01        17439        34063
    40   0.13059272766346643E-01        33823        17691
    41   0.57720141991415827E-01        33823        18463
    42   0.14624184056328288E-01        17563        18463
    43  -0.15187014409694626E-01        18463        17679
    44   0.21273064604641304E-01        24607       132127
    45   0.13786258772105042E-01        24855        17439
    46  -0.37634073292911491E-01        34847        17439
    47  -0.18501454062640667E-01        66591        17487
    48   0.14440902116685465E-01        34071        17439
    49   0.10905025946313301E-01        18463        17947
    50  -0.20395127232736787E-01        17687        24607
    51   0.19430545692085497E-01        33823        24607
    52  -0.11845452238327602E-01        66591        18463
    53  -0.24164264933202347E-01        19479        19479
    54   0.14967070692169801E-01        33823        17467
    55   0.13053714448323549E-01        17691        18463
    56   0.15022332523754350E-01        17467        18463
    57  -0.21893752278791673E-01        17687        18463
    58  -0.80138196804354189E-01        18463        18463
    59   0.18905213752258076E-01        17439        18479
    60   0.15031560030471885E-01        18463        17467
    61   0.28639022398011482E-01       132127        33823
    62  -0.28831194416556329E-01        18463        24607
    63   0.14999062796793595E-01        33823        66591
    64   0.14506189767724881E-01        17439        34071
    65   0.14394386458081837E-01        24607        17947
    66   0.10985067706062206E-01        17487        33823
    67  -0.15297859646374831E-01        17679        18463
    68   0.57405548410576691E-01        18463        33823
    69   0.14348263274135967E-01       132127        17947
    70   0.13055262844812633E-01        18463        17691
    71   0.10336313575018156E-01        24607        17439
    72  -0.10580456652914525E-01        17439        24607
    73   0.12781928048140970E-01        17467       132127
    74  -0.12129934318561228E-01        34847        18463
    75  -0.28563078587956287E-01        33823       132127
    76  -0.29998458461323908E-01        24607        24607
    77   0.23685470757633515E-01        17439        33823
    78  -0.11063053742955097E-01        17679        24607
    79   0.14395356515679029E-01        17947        24607
    80  -0.11920902707509647E-01        17687        17947
    81  -0.13279521848928761E-01        17679        17679
    82   0.12176963373376207E-01        18463        34847
    83   0.28768613647736505E-01        24607        18463
    84   0.19580837900301306E-01        24607        33823
    85  -0.23975966015083085E-01        19471        19479
    86  -0.20390057111660635E-01        24607        17687
    87  -0.12481388835645986E-01        66591        66591
    88   0.11210156036254077E-01        18463        17487
    89   0.19147624736493708E-01        33839        17439
    90   0.14497204538780678E-01        17439        18711
    91  -0.11101425566442020E-01        24607        17679
    92   0.11451507883467688E-01        17439        20559
    93  -0.11684003821930614E-01        20511        33823
    94   0.14627816688906888E-01        18463        17563
    95   0.11452369661678525E-01        20511        17439
    96   0.10293917952254978E-01        20511        66591
    97  -0.14902758378543133E-01        20511        18463
    98  -0.21900028158840731E-01        17687        33823
    99  -0.15306441216394899E-01        17679        33823
   100  -0.15116155508486577E-01        66591        33823
   101  -0.80051735181194308E-01        33823        33823
   102   0.13052162333357710E-01        17691        33823
   103   0.10816704722703003E-01        33823        17947
   104  -0.10762638433889780E-01        17439       132127
   105  -0.11998346343524736E-01        34847        33823
   106  -0.20403137305242923E-01        17687       132127
   107   0.11587697456485489E-01        66591        17439
   108  -0.58812721363578249E-01        19471        19471
   109   0.12779578711792680E-01        24607        17467
   110  -0.42771500319359140E-01        17487        17487
   111  -0.11428018989773870E-01        17439        66591
   112  -0.21905763879010106E-01        18463        17687
   113   0.21180871496837492E-01       132127        24607
   114  -0.20298261652683350E-01       132127        17687
   115   0.12102446923943596E-01        33823        34847
   116   0.11379924326814617E-01        33823        17487
   117  -0.29939557669793133E-01       132127       132127
   118   0.10688699084543745E-01        17487        17679
   119   0.14623559794315295E-01        17563        33823
   120  -0.11067715780626913E-01        17679       132127
   121  -0.12363802017850692E-01        20511        20511
   122  -0.18288789807161837E-01        17487        66591
   123   0.14761499536169020E-01        17679        17687
   124  -0.12577664969188451E-01         3103        49183
   125   0.10337965654867451E-01        66591        20511
   126   0.18908135349239255E-01        18479        17439
   127  -0.11764195234116662E-01        33823        20511
   128  -0.11465491552861782E-01        17439        20511
   129  -0.18364640386073033E-01        20511        17487
   130  -0.18298500105360750E-01        17487        20511
   131  -0.13854421597117111E-01        21519        19471
   132  -0.24145169312872021E-01        50199        50199
   133  -0.32336338937603244E-01        17687        17687
   134  -0.14843049607318198E-01        17687        17679
   135   0.10798322306134773E-01        17439        17607
   136   0.10989421350199331E-01        17487        18463
   137  -0.11668095073284432E-01        18463        66591
   138  -0.23149438271046572E-01        50191        50199
   139   0.10944459766286874E-01        35855        19471
   140   0.14619854835531073E-01        33823        17563
   141  -0.57700829847514581E-01        50191        50191
   142  -0.13888979396893757E-01        82959        50191
   143   0.13808626571790187E-01        50191        82959
   144   0.11503508257918205E-01        20559        17439
   145   0.22852115372084196E-01        50199        50191
