     1   0.98640700488104260E+00         2371         2371
     2  -0.66671286061204945E-02         4419         2371
     3   0.23813590810708202E-02         2465         2371
     4   0.76774045468889921E-02         2131         2123
     5   0.22580921640781956E-02        18691        10307
     6   0.80880889310649857E-02        26627         2371
     7   0.10689225428096108E-02         3265         2371
     8  -0.80929393343742908E-02        17667         2371
     9  -0.10453558020246951E-02         3139         2497
    10  -0.12003718870049465E-02         4433         2371
    11  -0.22598674678984249E-02        18691         1347
    12  -0.13785526958253965E-01         8467         2371
    13  -0.10747645421800990E-02         3841         2371
    14   0.12181992263514924E-01         4421         2371
    15   0.23806673943962144E-02         2371         2465
    16  -0.76556689069586332E-02         2497         2497
    17  -0.80825033466868680E-02         9283         2371
    18  -0.73719671925693512E-02        16459         2371
    19  -0.14680600922629043E-01        16467         2371
    20  -0.10941187587694340E-02         2371        14593
    21  -0.22644511924802921E-01         2371         4675
    22  -0.65795234966683986E-02         2435         2371
    23  -0.23517529835718337E-01         2373         2627
    24   0.20088850927978698E-02         2339         2311
    25   0.65643826539004725E-02         2371         2627
    26   0.10877334094603118E-02         2371         8641
    27  -0.22644584314769598E-01         2371         4483
    28  -0.22580509447157140E-01         2371         2691
    29   0.19707715110481080E-02          355         6465
    30   0.11183061836689982E-01         6465          327
    31  -0.22645001758520276E-01         4483         2371
    32   0.65806792985377300E-02         2371         2435
    33   0.16463704395625126E-01         2371         3083
    34   0.10483085541025628E-02         2881         3331
    35   0.12206593110887010E-01         2629         2371
    36   0.87834641001815431E-02         8459         2371
    37   0.29809926609965967E-01         2435         2627
    38  -0.70203009991221975E-02         6211          835
    39   0.66078095824181147E-02         2371         4419
    40  -0.11854114310566752E-01          327          327
    41   0.10458952200319439E-02         2497         2315
    42   0.12179688855984788E-01         2371         2437
    43   0.23814382187398266E-02         2371         2657
    44   0.39046749718751874E-02         2131        16707
    45  -0.13848465229942434E-01         2371         8467
    46  -0.80908395471978381E-02         2371        17667
    47   0.16463938015273735E-01         3083         2371
    48   0.87811123541417027E-02         2371         8459
    49   0.23814633284429281E-02         2371         4449
    50   0.28570728986579154E-02         2323         8515
    51   0.10368051687625592E-01        16707         3331
    52  -0.80820394663498416E-02         2371         9283
    53   0.23811847133896041E-02         4449         2371
    54   0.10666736353516549E-02         2371         2633
    55  -0.65870414257720280E-02         2627         2371
    56  -0.70195163743891464E-02         6403          451
    57  -0.14678453665960567E-01         2371        16467
    58  -0.76455449474816424E-02         6465         6465
    59  -0.10848297080693849E-02         2371         3841
    60  -0.43562344819734304E-02         2401         4419
    61   0.10570260878085590E-02         2633         2371
    62   0.12182969823950946E-01         2371         4421
    63  -0.20105658416837988E-02          327          355
    64  -0.22643719845565635E-01         4675         2371
    65  -0.43566315065296799E-02         2435         2401
    66  -0.10373441059757229E-01        18499        10499
    67   0.10780447527845577E-01          339        10499
    68   0.39100260733382153E-02        16707         2131
    69   0.19715996177566996E-02         2497         2339
    70   0.23813823856921952E-02         2657         2371
    71  -0.77049921423583256E-02         2131         3331
    72  -0.11007010255782862E-02         2371         2441
    73  -0.73702319346814682E-02         2371        16459
    74  -0.54594484021256821E-02        18753        18753
    75   0.17148525531058959E-02        10499          331
    76   0.10886674648159995E-02         8641         2371
    77  -0.40940755092338217E-02          451          451
    78  -0.12094029984808616E-02         2371         4433
    79  -0.10803336734754364E-02        22593         2371
    80  -0.11010348038318510E-02         2441         2371
    81  -0.23485455344942827E-01         4419         2373
    82  -0.10516278205491350E-01         8515         2315
    83  -0.27880017088036365E-02          331        18499
    84  -0.28853825893100202E-02         2371         2373
    85   0.20104887367258660E-02          355          327
    86  -0.22595752591406592E-02        10307         1347
    87   0.11198555600708895E-01         2497         2311
    88   0.12275912101119945E-02          339         6465
    89  -0.27882862659031368E-02        18499          331
    90   0.80860356460731881E-02         2371        26627
    91   0.12207552085058618E-01         2437         2371
    92   0.12179859311527572E-01         2371         2629
    93   0.10358713034085202E-01         8515         3139
    94   0.11196911931978680E-01         2119         2881
    95   0.10683861848456348E-02         2371         3265
    96   0.10852158052543533E-02        17217         2371
    97  -0.22610451680295067E-01         2691         2371
    98  -0.70231941420634443E-02         2819         2243
    99   0.29850521857226989E-01         4419         2435
   100  -0.10848066366068985E-02         2371        22593
   101  -0.40792544767257492E-02         6403         6403
   102   0.10361986054857442E-01         3139         8515
   103  -0.77501865098747753E-02         2123         3331
   104   0.29838821498582899E-01         2627         4419
   105   0.11198290106404132E-01         2311         2497
   106  -0.11866070340094157E-01         2311         2311
   107   0.68428325049713599E-02         2315         2323
   108   0.10359725859119149E-01         3331        16707
   109  -0.14754693194812963E-02         2627         3083
   110  -0.77501095500885553E-02         3331         2123
   111  -0.23535082568490111E-01         2435         2373
   112   0.29820215031392570E-01         2627         2435
   113  -0.11530104843387344E-02         2691         2435
   114  -0.10421747960840753E-02         2497         3139
   115   0.10780524750152974E-01        10499          339
   116  -0.14528661192079501E-02        10307        10307
   117  -0.14757580964672545E-02         3083         2627
   118   0.11573821325923661E-02         2627         4675
   119   0.19713488571661344E-02         6465          355
   120   0.28414409312268580E-02         2373         2371
   121   0.33278469799768676E-02         4675         4675
   122   0.29846542140614864E-01         2435         4419
   123  -0.70190713023879758E-02          451         6403
   124  -0.23490658284656091E-01         2373         4419
   125  -0.10515411338678057E-01         2315         8515
   126  -0.11537604202005163E-02         2691         2627
   127  -0.28310269115423875E-02         2691         4483
   128   0.20555373272742893E-02         2691         2629
   129  -0.28300138062809011E-02         4675         4483
   130  -0.12841266454703146E-02         2437         2629
   131   0.11199546204807053E-01         2881         2119
   132  -0.28312523480554532E-02         2691         4675
   133   0.12251768134860070E-02         8467         2435
   134  -0.17482512379783165E-01         2373         2373
   135  -0.41081299296330601E-01         2627         2627
   136  -0.40581129358624787E-02         2819         2819
   137   0.20543872612644324E-02         2629         4675
   138   0.19715148602020656E-02         2339         2497
   139  -0.11551487573043888E-02         4675         2627
   140   0.24772791527989781E-02         4739         4419
   141   0.29832717639874065E-01         4419         2627
   142  -0.12984434285788057E-02         4421         2629
   143   0.10612202161739603E-02        16467         2435
   144  -0.43568421338966252E-02         2401         2435
   145  -0.23518051419735772E-01         2373         2435
   146   0.20544378721843361E-02         4483         2437
   147   0.24771392998350931E-02         2627         4739
   148  -0.14942826836385115E-02         3083         2435
   149   0.24778555001044276E-02         4739         2435
   150  -0.41061202174454789E-01         2435         2435
   151  -0.14880579976991987E-02         2693         2627
   152   0.24763015617738208E-02         4419         4739
   153   0.17220744459206013E-02         2373         4739
   154   0.11179850027782568E-01          327         6465
   155  -0.14883858287342907E-02         2435         2693
   156  -0.14534805732341199E-02        18691        18691
   157   0.11522575655908789E-02         2435         2691
   158   0.11577353351126609E-02         2435         4483
   159  -0.11557664507154857E-02         4483         2435
   160   0.10077786789570167E-02         6465        18499
   161  -0.14877111802675752E-02         4485         2435
   162   0.33274206503229055E-02         2691         2691
   163   0.33278970385621355E-02         4483         4483
   164  -0.14087348615952630E-01         8515         8515
   165  -0.17885169763266913E-02         2691         4421
   166  -0.14881175718077743E-02         2435         4485
   167  -0.43562920123324262E-02         2627         2401
   168  -0.40995941154704556E-01         4419         4419
   169  -0.20088020002275776E-02         2119         2147
   170   0.17025293427769346E-02         2629         2629
   171   0.17222792307732123E-02         4739         2373
   172  -0.10851044116528532E-02        14593         2371
   173  -0.14876884935068027E-02         4677         2627
   174   0.20542187054871787E-02         2437         4483
   175   0.19716661065668473E-02         2881         2147
   176   0.20553514764102055E-02         2691         2437
   177  -0.28309785158638773E-02         4675         2691
   178  -0.14941847593034920E-02         2435         3083
   179   0.12941915320205299E-02         2627        16467
   180   0.68653648791768681E-02         3139         2323
   181  -0.40588425232726136E-02         2243         2243
   182   0.12019933246111933E-02         4419         3083
   183   0.24777287520731640E-02         4739         2627
   184   0.19710853030625764E-02         2147         2881
   185   0.10537598719720112E-01          339        18499
   186   0.20543309193882175E-02         4675         2629
   187   0.11438055543610739E-02         4419         4483
   188  -0.14291725228754829E-01         3331         3331
   189  -0.17866607926711703E-02         4483         2629
   190  -0.17867205012758092E-02         2437         4675
   191   0.13373751588151045E-02         4419        16467
   192  -0.11421885738842014E-02         4675         4419
   193   0.13538876366337783E-02         2435         4677
   194   0.11527869057190822E-02         2627         2691
   195   0.12905915316043933E-02        16467         2627
   196   0.12192007996957709E-02         6465          339
   197   0.11429461373353739E-02         4419         4675
   198  -0.28296012565179364E-02         4483         4675
   199  -0.12838937650439576E-02         2437         4421
   200  -0.20088428852259059E-02         2311         2339
   201  -0.11433770817219338E-02         4483         4419
   202  -0.43568577415794762E-02         2401         2627
   203   0.20552938371002946E-02         4483         4421
   204   0.20087829012117977E-02         2147         2119
   205  -0.18030824347134435E-02         4421         2691
   206   0.13220311769145119E-02        16467         4419
   207  -0.12027303276534612E-02         3083         4419
   208   0.10454401926659432E-02         2315         2497
   209   0.20544104635871405E-02         4421         4675
   210   0.20546783642277000E-02         4421         4483
   211  -0.15145603685440385E-02         4677         4419
   212   0.20549946886922153E-02         4675         4421
   213   0.12513437434103121E-02         4419         8467
   214  -0.51518410376122804E-02         2323         2323
   215   0.12657812389016737E-02         8467         4419
   216  -0.17867409529726366E-02         2629         4483
   217  -0.12986616707756713E-02         4421         2437
   218   0.20701496953932481E-02         2437         2691
   219  -0.13358197417695405E-01         2123         2123
   220  -0.14879830932467619E-02         2693         2435
   221  -0.14267708141212272E-01         3139         3139
   222  -0.54697438695557130E-02        10561        10561
   223  -0.14885345548957638E-02         2627         2693
   224   0.20705883450928839E-02         2629         2691
   225  -0.15136058581748169E-02         4419         4677
   226  -0.12836697777728178E-02         2629         4421
   227  -0.10011299801923948E-02         2627         8467
   228  -0.14086829684715300E-01        10499        10499
   229  -0.14086954949511723E-01        16707        16707
   230  -0.68437163695162081E-02         2323         2315
   231  -0.14078435897931434E-01        18499        18499
   232   0.10900555519812857E-02         2371        17217
   233  -0.76773933413436194E-02         2123         2131
   234   0.10177019598492128E-01         2123        16707
   235  -0.11865373969129721E-01         2119         2119
   236  -0.28303342660758930E-02         4483         2691
   237  -0.23526208836015548E-01         2627         2373
   238   0.10368914891607051E-02         4485         2373
   239   0.12114664781551995E-02         2435         8467
   240   0.10551886433210459E-01        18499          339
   241   0.13537780515266273E-02         2627         4485
   242   0.10184979696336803E-01        16707         2123
   243  -0.12841229836690255E-02         2629         2437
   244  -0.84513886884432007E-02         3139         2315
   245   0.13528263936733198E-02         4419         2693
   246  -0.66187961418866046E-02         2131         2131
   247  -0.35842243789157274E-02         2373         2401
   248  -0.22600352375320497E-02         1347        18691
   249  -0.18719259345820301E-01          339          339
   250   0.24767966227874569E-02         2435         4739
   251  -0.13120348022401635E-02         2401         2401
   252  -0.15137505875386155E-02         4419         4485
   253   0.35847071360879572E-02         2401         2373
   254  -0.10786579747077204E-02          403          339
   255   0.13531940271911604E-02         4485         2627
   256  -0.84514402898737909E-02         2315         3139
   257   0.68598773726669593E-02         2323         3139
   258  -0.14783122003740792E-01         2315         2315
   259  -0.55005916504254661E-02         2377         2377
   260  -0.16648486103920501E-02         1347         1347
   261  -0.76675325417473929E-02         2881         2881
   262  -0.15146627467535895E-02         4485         4419
   263   0.28563952502823073E-02         8515         2323
   264  -0.70229544076331604E-02         2243         2819
   265   0.10792427809287511E-02          339          595
   266   0.10789368713146786E-02          339          403
   267   0.10535546479830285E-02         3331         2881
   268  -0.10702282251771867E-02          595          339
   269   0.10484884077039663E-02         2373         4677
   270   0.13534193358279625E-02         4677         2435
   271  -0.40623557513439169E-02          835          835
   272  -0.43557515233292356E-02         4419         2401
   273   0.10115779203724901E-02         2693         2373
   274  -0.40703855705308579E-02         6211         6211
   275  -0.17869299525998051E-02         4675         2437
   276  -0.22596097241996036E-02         1347        10307
   277  -0.14881205388403490E-02         2627         4677
   278   0.17023655724985774E-02         2437         2437
   279   0.10367862177945073E-02         4677         2373
   280  -0.77049144840147486E-02         3331         2131
   281   0.17149794236718018E-02          331        10499
   282   0.10484873754931718E-02         2373         4485
   283  -0.10607018309928124E-02         2435        16467
   284  -0.70200688129093466E-02          835         6211
   285  -0.10000483331992270E-02         2881        16707
   286  -0.10359838548230693E-01        10499        18499
   287   0.13535881904633859E-02         2693         4419
   288   0.22582083250875964E-02        10307        18691
