     1  -0.98640631763680897E+00         2371         2371
     2   0.65767022088499220E-02         2435         2371
     3  -0.29810643030055484E-01         2435         2627
     4   0.43574656483633938E-02         4419         2401
     5   0.22643630677480302E-01         2371         4675
     6   0.14677899395359881E-01        16467         2371
     7  -0.23810400079620360E-02         2371         2465
     8   0.22612343674411336E-01         2691         2371
     9   0.66670769959965648E-02         4419         2371
    10  -0.12201271884524479E-01         2371         2629
    11  -0.66537736660305666E-02         2371         2627
    12  -0.23812176374811756E-02         2371         2657
    13   0.11859603783085452E-01         2311         2311
    14  -0.12200018219694585E-01         2629         2371
    15  -0.87822743327965989E-02         2371         8459
    16  -0.66672078736429129E-02         2371         4419
    17   0.66128439438999011E-02         2627         2371
    18  -0.10341200395474620E-02         2633         2371
    19  -0.23815055418765943E-02         4449         2371
    20  -0.12175413501396318E-01         2371         4421
    21  -0.11201049106969910E-01         6465          327
    22   0.13850059623056191E-01         2371         8467
    23   0.10687649710357590E-02         3841         2371
    24   0.22641017148068817E-01         4483         2371
    25   0.20076774536991865E-02          327          355
    26  -0.80853171305596723E-02        26627         2371
    27   0.22640667613417407E-01         4675         2371
    28  -0.10707737555176030E-02         3265         2371
    29  -0.23810483279184990E-02         2371         4449
    30   0.43572748185205070E-02         2435         2401
    31  -0.16465244228566406E-01         2371         3083
    32   0.10856480508704370E-02        14593         2371
    33   0.10850720292094735E-02         2371        14593
    34   0.10705437176044921E-02        22593         2371
    35   0.12013102351739258E-02         4433         2371
    36   0.41045418406414784E-01         4419         4419
    37   0.12006878082080662E-02         2371         4433
    38  -0.10893093375003934E-02         2371         8641
    39   0.22615178177817403E-01         2371         2691
    40   0.10705503032549040E-02         2371        22593
    41  -0.10655419967560580E-02        17217         2371
    42   0.23534967710364646E-01         4419         2373
    43  -0.65768448751490202E-02         2371         2435
    44   0.22609991749919702E-01         2371         4483
    45  -0.11201267397310487E-01          327         6465
    46   0.13786046911231181E-01         8467         2371
    47   0.16983998417180951E-02          331          331
    48   0.77051014424197907E-02         2131         3331
    49   0.11858581478638190E-01          327          327
    50   0.10288744478760732E-02        16707         2881
    51   0.22600429700383915E-02         1347        18691
    52  -0.80849649138850527E-02         2371        26627
    53   0.16598896388551254E-02        18691        18691
    54   0.80922265221209169E-02         2371        17667
    55  -0.23814969972762940E-02         2465         2371
    56   0.73713511252173070E-02        16459         2371
    57  -0.12204236735689091E-01         4421         2371
    58   0.14677633665285988E-01         2371        16467
    59  -0.10345543610299232E-02         2371         2633
    60  -0.10176681974332646E-01         2123        16707
    61  -0.12201380950627547E-01         2437         2371
    62  -0.12201824779434752E-02          339         6465
    63  -0.22597921109022839E-02        10307        18691
    64  -0.10707620645384972E-02         2371         3265
    65  -0.12172557382021516E-01         2371         2437
    66  -0.12196496165385387E-02         6465          339
    67   0.77431164755834966E-02         2123         3331
    68   0.73715031385683501E-02         2371        16459
    69   0.80848759293227022E-02         9283         2371
    70   0.11003002494686712E-02         2441         2371
    71  -0.23809920948502411E-02         2657         2371
    72  -0.20083037285023439E-02         2147         2119
    73  -0.10895680503194046E-02         8641         2371
    74   0.10365299133479661E-01        18499        10499
    75   0.80849708063296215E-02         2371         9283
    76   0.41065853526460229E-01         2627         2627
    77   0.14512117903912713E-02        10307        10307
    78  -0.10732462052956649E-02         2315         2497
    79   0.70206297177029132E-02          451         6403
    80   0.14280716850234909E-01        18499        18499
    81   0.76898716428673436E-02         2881         2881
    82   0.84521803465425829E-02         2315         3139
    83   0.11001084913545805E-02         2371         2441
    84   0.70329252182885554E-02         2819         2243
    85   0.22600282525953876E-02        18691         1347
    86   0.40752235240144354E-02          451          451
    87  -0.29833280085130590E-01         2627         4419
    88  -0.11200601079692885E-01         2311         2497
    89  -0.10116433891520313E-02         3331         2881
    90   0.11861059839250681E-01         2119         2119
    91  -0.10177011500073928E-01        16707         2123
    92   0.77053216142326502E-02         3331         2131
    93  -0.10537143492216737E-01          339        18499
    94  -0.10658053376382045E-02         2371        17217
    95  -0.29849365747266200E-01         2435         4419
    96   0.10690252394943321E-02         2371         3841
    97   0.66191278073464395E-02         2131         2131
    98  -0.10107494388463545E-02         2881         3331
    99  -0.87841484731344399E-02         8459         2371
   100   0.77433519215107530E-02         3331         2123
   101   0.40595926342782600E-02         2243         2243
   102  -0.10781330122245256E-01        10499          339
   103  -0.39032987061442446E-02        16707         2131
   104   0.10114849639983776E-02         2497         3139
   105  -0.20076913993478927E-02          355          327
   106   0.76957830924789519E-02         6465         6465
   107  -0.16464760783377646E-01         3083         2371
   108   0.10115320872218665E-02         3139         2497
   109   0.28304962364492626E-02         2691         4483
   110  -0.13382890352596319E-02         4419        16467
   111   0.23518976603550415E-01         2373         4419
   112  -0.19721912038772700E-02         2147         2881
   113   0.11511065994270250E-02         2691         2627
   114   0.54950208827850228E-02        10561        10561
   115  -0.10360647725895575E-01        16707         3331
   116   0.18031477674922201E-02         2629         4483
   117   0.11417073818201465E-02         4675         4419
   118   0.28311916017302939E-02         4483         4675
   119  -0.27746415639260495E-02         2373         2371
   120  -0.20552613432372768E-02         2629         2691
   121  -0.12652339444325831E-02         8467         4419
   122  -0.29821036327809299E-01         4419         2627
   123  -0.33293433399351241E-02         4675         4675
   124  -0.39031277796675963E-02         2131        16707
   125   0.14886479691492720E-02         2627         3083
   126  -0.11513979482828830E-02         2627         2691
   127  -0.19719568043645788E-02          355         6465
   128  -0.20559452048090621E-02         4675         4421
   129  -0.11202315840704016E-01         2119         2881
   130  -0.12989503902962308E-02        16467         2627
   131  -0.24779607495598300E-02         4739         4419
   132  -0.13383113797723820E-02        16467         4419
   133   0.11520111706760886E-02         4675         2627
   134  -0.17047424090094955E-02         4421         4421
   135  -0.20557437696745538E-02         2629         4675
   136   0.10522406738941078E-01         2315         8515
   137  -0.11523320301909184E-02         2627         4675
   138  -0.12116675981096289E-02         2435         8467
   139  -0.29849365326241478E-01         4419         2435
   140   0.40744163070458384E-02         6403         6403
   141   0.23515086691117227E-01         2373         2435
   142   0.12018264794188094E-02         3083         4419
   143  -0.24771937547711904E-02         4739         2627
   144  -0.33293850043162594E-02         4483         4483
   145  -0.20557939284908365E-02         2691         2629
   146   0.28311204863397947E-02         4675         4483
   147  -0.11400283721734153E-02         4419         4675
   148  -0.17226753614839911E-02         2373         4739
   149  -0.13545974956657597E-02         2435         4677
   150   0.11439867029417589E-02         4483         4419
   151   0.28311034526181454E-02         2691         4675
   152   0.17882657629241705E-02         4483         2629
   153   0.14883897616359040E-02         4677         4419
   154   0.14888720402612499E-02         2627         4677
   155  -0.11510874720614247E-02         2435         2691
   156   0.43577590952431642E-02         2401         2627
   157   0.14884042332496950E-02         4485         4419
   158  -0.20551596366581459E-02         2437         2691
   159  -0.33280778036569041E-02         2691         2691
   160  -0.13541291425280693E-02         4677         2435
   161  -0.11201822852454116E-01         2881         2119
   162   0.43577462352321081E-02         2627         2401
   163   0.43574413677629781E-02         2401         4419
   164   0.23539682558857609E-01         2627         2373
   165  -0.10542084301560017E-01        18499          339
   166  -0.12516823730043384E-02         4419         8467
   167   0.22581081858343193E-02         1347        10307
   168   0.14075702880315811E-01         8515         8515
   169  -0.20559763192711670E-02         4483         4421
   170   0.14880291608743844E-02         3083         2627
   171   0.35935541236260856E-02         2373         2401
   172  -0.11427351442245767E-02         4419         4483
   173  -0.24767286348200161E-02         2627         4739
   174   0.14940459718123368E-02         2435         3083
   175   0.27763318471694448E-02         2371         2373
   176   0.41062681670078940E-01         2435         2435
   177   0.14888238456619554E-02         4419         4677
   178  -0.12948283179871883E-02         2627        16467
   179  -0.11546693317039116E-02         2435         4483
   180  -0.24771239876515559E-02         4419         4739
   181   0.70215858943982867E-02         6211          835
   182  -0.10731158406043608E-02         2497         2315
   183   0.51513126883160239E-02         2323         2323
   184   0.14941137170493527E-02         3083         2435
   185  -0.13537970293049765E-02         2693         4419
   186   0.14887414173169115E-02         2435         4485
   187  -0.29823049003985417E-01         2627         2435
   188  -0.35937564158067510E-02         2401         2373
   189   0.23531071002754922E-01         2435         2373
   190  -0.20556167664060546E-02         4421         4675
   191  -0.20708379026676050E-02         4421         4483
   192   0.84518625082705603E-02         3139         2315
   193   0.23538676254529562E-01         2373         2627
   194  -0.20562787936490045E-02         4675         2629
   195   0.28311044178058404E-02         4675         2691
   196   0.10607239103654063E-02         2435        16467
   197   0.14883418987869732E-02         4485         2435
   198   0.20082510750976564E-02         2119         2147
   199   0.11559193282352890E-02         4483         2435
   200   0.70206364123846180E-02         6403          451
   201  -0.17229761778225457E-02         4739         2373
   202   0.28305634807698292E-02         4483         2691
   203  -0.20082044844655918E-02         2339         2311
   204  -0.20708669537710805E-02         2437         4483
   205   0.17558148019019955E-01         2373         2373
   206   0.14888036297738892E-02         4419         4485
   207   0.27942576209208955E-02        18499          331
   208  -0.28572964413561774E-02         2323         8515
   209   0.20081907535466135E-02         2311         2339
   210  -0.13547138922268217E-02         2627         4485
   211   0.17884268385849852E-02         2691         4421
   212   0.70332104567584529E-02         2243         2819
   213  -0.24768800939408203E-02         2435         4739
   214   0.12822213104254146E-02         2629         4421
   215  -0.10358563820375302E-02         6465        18499
   216  -0.19720969185596736E-02         2881         2147
   217  -0.68649326778876946E-02         3139         2323
   218   0.14883148806269612E-02         2627         2693
   219   0.11526927119587804E-02         2691         2435
   220   0.17885773998910881E-02         4675         2437
   221   0.40567865222306291E-02         6211         6211
   222  -0.10360641232775298E-01         3331        16707
   223  -0.10606951120898263E-02        16467         2435
   224   0.17882146947299608E-02         2437         4675
   225   0.10360118110635527E-01        10499        18499
   226   0.10279242437641477E-02         2881        16707
   227  -0.24777201088291160E-02         4739         2435
   228  -0.12017467271929444E-02         4419         3083
   229  -0.17210662919705552E-02        10499          331
   230   0.14877726032984460E-02         2693         2435
   231  -0.10358652813600192E-02        18499         6465
   232   0.27943477503059259E-02          331        18499
   233   0.14277659557298691E-01        16707        16707
   234   0.14890173643978624E-02         2693         2627
   235  -0.12253066348507727E-02         8467         2435
   236  -0.11200382441777667E-01         2497         2311
   237   0.43572511121226743E-02         2401         2435
   238  -0.68430982929970456E-02         2315         2323
   239   0.12865915748526589E-02         4421         2437
   240  -0.76743038312876112E-02         2131         2123
   241   0.76640436220585346E-02         2497         2497
   242   0.14895745021747870E-02         4677         2627
   243  -0.10780983832491896E-01          339        10499
   244   0.13538966453535422E-01         2123         2123
   245   0.14882017383245460E-02         2435         2693
   246  -0.10139511299999166E-02         4677         2373
   247   0.17880647605240734E-02         4421         2691
   248  -0.19718744400751033E-02         2497         2339
   249   0.80923923517943856E-02        17667         2371
   250   0.10522973523597941E-01         8515         2315
   251   0.14977691081439976E-01         2315         2315
   252  -0.28565275969836793E-02         8515         2323
   253   0.14085318454921326E-01        10499        10499
   254  -0.20554927488481600E-02         2691         2437
   255   0.70212599558207231E-02          835         6211
   256  -0.17211550617761602E-02          331        10499
   257   0.76742426864708901E-02         2123         2131
   258  -0.13542652921627006E-02         4419         2693
   259  -0.10137487822586050E-02         4485         2373
   260   0.13159222019409136E-02         2401         2401
   261  -0.19720285696120544E-02         6465          355
   262  -0.17046619351431735E-02         2437         2437
   263  -0.19718031806575339E-02         2339         2497
   264   0.68439888385836908E-02         2323         2315
   265  -0.13552265229202676E-02         4485         2627
   266  -0.10135508448448059E-02         2693         2373
   267  -0.68596805207543771E-02         2323         3139
   268   0.12820390797913734E-02         2629         2437
   269  -0.20560054583733975E-02         4483         2437
   270   0.40572763971409116E-02         2819         2819
   271  -0.10255681878010010E-02         2373         4677
   272  -0.10360149283375553E-01         8515         3139
   273   0.12670576994348211E-02         2437         2629
   274   0.14505913053175716E-02         1347         1347
   275  -0.22598433625676544E-02        18691        10307
   276   0.10085254360438526E-02         2123         2881
   277   0.12865915644567740E-02         2437         4421
   278   0.14058764183776277E-01         3139         3139
   279   0.10076850531282092E-02         2881         2123
   280   0.18707631946727362E-01          339          339
   281  -0.10363376471545256E-01         3139         8515
   282   0.40348776297551917E-02          835          835
   283   0.10008412755785486E-02         2627         8467
   284   0.12672419386384525E-02         4421         2629
   285   0.54771004022160933E-02         3393         3393
   286   0.10783401714090665E-02          403          339
   287  -0.10783727669379311E-02          339          403
   288   0.10693509257095944E-02          595          339
   289  -0.16903710092726252E-02         2629         2629
   290   0.14081802191329261E-01         3331         3331
   291   0.22580591688776495E-02        10307         1347
   292  -0.10251671865627913E-02         2373         2693
   293  -0.10774365191853141E-02          339          595
