     1   0.98649681214665486E+00         2371         2371
     2   0.10917566040243507E-02         2371        17217
     3  -0.66736235741103548E-02         2435         2371
     4   0.23826136147087904E-02         2371         2657
     5   0.67017473487585950E-02         2371         4419
     6   0.65843468209818576E-02         2371         2627
     7   0.65821925369823906E-02         2371         2435
     8  -0.70056831827866794E-02          451         6403
     9  -0.14685488408826566E-01        16467         2371
    10  -0.12136609616343790E-02         4433         2371
    11   0.80891389385098038E-02         2371        26627
    12  -0.80945585137360380E-02         2371        17667
    13  -0.40985063440478848E-02         2243         2243
    14   0.10602955049236031E-02         3265         2371
    15  -0.80939037959769332E-02        17667         2371
    16   0.19421258821376544E-02         6465          355
    17   0.28542974509659950E-02         8515         2323
    18  -0.22621705304415485E-01         2371         2691
    19   0.87856940698895648E-02         2371         8459
    20   0.29791364067932122E-01         2435         2627
    21   0.19727226651830637E-02         2147         2881
    22  -0.10527107830254321E-01         2315         8515
    23  -0.23247858673676007E-01         2373         2435
    24  -0.10831782998041860E-02         2371        22593
    25  -0.10789605589292257E-02         3841         2371
    26  -0.73749995807871919E-02        16459         2371
    27  -0.43582045050504859E-02         2401         2627
    28  -0.54617301422538039E-02        10561        10561
    29  -0.10962426450179341E-02        14593         2371
    30  -0.80838558716419817E-02         2371         9283
    31  -0.22650627186227030E-01         2371         4675
    32  -0.65648259214199384E-02         4419         2371
    33  -0.10877577558405360E-02         2371        14593
    34  -0.66182700512155820E-02         2627         2371
    35  -0.10907157195502706E-02         2441         2371
    36   0.10653049872553914E-02         2371         8641
    37  -0.13792124613503263E-01         2371         8467
    38   0.68612786201743704E-02         3139         2323
    39  -0.10897253669992278E-02         2371         2441
    40  -0.77074070339883819E-02         3331         2131
    41  -0.22603974873168595E-02         1347        10307
    42   0.29842416016977860E-01         2627         4419
    43   0.12059017275183492E-01         2437         2371
    44   0.10356241948146022E-01         8515         3139
    45  -0.13855523955951273E-01         8467         2371
    46  -0.43592527004093608E-02         2627         2401
    47  -0.10437366273203137E-02         2497         3139
    48   0.16464110716850677E-01         3083         2371
    49  -0.84510391170075552E-02         2315         3139
    50   0.19680372301318443E-02         2497         2339
    51  -0.14167623120619227E-01        10499        10499
    52  -0.54606110137074941E-02         2385         2385
    53  -0.22642415505261158E-01         4675         2371
    54   0.23826618120905757E-02         2657         2371
    55   0.19721413257958306E-02          355         6465
    56   0.80879846754985715E-02        26627         2371
    57  -0.23558121833964427E-01         4419         2373
    58   0.68675840031192830E-02         2323         3139
    59   0.10448699092914075E-02         2371         2633
    60   0.87823651118073085E-02         8459         2371
    61  -0.10515074420147166E-01         8515         2315
    62  -0.10786900981998226E-02         2371         3841
    63  -0.22608615381723377E-02         1347        18691
    64  -0.10876048021064477E-02        22593         2371
    65  -0.80829910108430776E-02         9283         2371
    66   0.10187255224453849E-01         2123        16707
    67   0.10542131824457141E-01        18499          339
    68  -0.22584584006315963E-01         4483         2371
    69  -0.15286290416585289E-02        18691        18691
    70   0.23822723330162313E-02         4449         2371
    71   0.29856392480662401E-01         4419         2627
    72  -0.14090029011379112E-01        16707        16707
    73   0.12181064157804750E-01         2371         4421
    74   0.10775784236981657E-01        10499          339
    75  -0.27942151743989550E-02        18499          331
    76   0.10451132074686747E-02         2633         2371
    77   0.12207932867057228E-01         4421         2371
    78  -0.70336524619162523E-02         2243         2819
    79   0.12048899687929781E-01         2371         2437
    80   0.28113789768111318E-02         2323         8515
    81   0.10369217391756958E-01        16707         3331
    82  -0.23228099149409757E-01         2435         2373
    83  -0.73747321860278487E-02         2371        16459
    84   0.11206846178767030E-01         2881         2119
    85   0.23768577464470973E-02         2371         2465
    86  -0.14270789329750483E-01         3139         3139
    87   0.10657343733868471E-02         8641         2371
    88  -0.23541510543264761E-01         2373         4419
    89  -0.10105375995768525E-02         2497         8515
    90   0.11692624052459118E-02         6465          339
    91  -0.22553303799388216E-01         2371         4483
    92  -0.70226021351178589E-02          835         6211
    93   0.10382552649401839E-01         3331        16707
    94   0.16463116750155563E-01         2371         3083
    95  -0.14513899057546835E-02        10307        10307
    96   0.11208754184851347E-01          327         6465
    97  -0.22623112915420088E-01         2691         2371
    98  -0.14687418415367873E-01         2371        16467
    99  -0.43597943628154645E-02         4419         2401
   100  -0.12053120276486157E-02         2371         4433
   101   0.10186151603530565E-01        16707         2123
   102   0.10917633197118088E-02        17217         2371
   103   0.23775724420019239E-02         2465         2371
   104  -0.10362378841892003E-01        18499        10499
   105   0.22592198207447662E-02        10307        18691
   106   0.29879139036180852E-01         2435         4419
   107  -0.43910278985720358E-02         2819         2819
   108  -0.10376488523996490E-01        10499        18499
   109  -0.17529077459849931E-02         2311         2339
   110   0.10593480522912149E-02         2371         3265
   111   0.10641723485751067E-02         2497         2315
   112   0.11211654610029997E-01         2119         2881
   113   0.17222604059397557E-02          331        10499
   114   0.23820414361323517E-02         2371         4449
   115   0.11873864971876712E-02          339         6465
   116  -0.22611926633593470E-02        10307         1347
   117   0.12187025143779910E-01         2371         2629
   118  -0.41067482323307931E-01         2627         2627
   119  -0.14099085254738233E-01         8515         8515
   120  -0.13540931369831533E-01         2123         2123
   121  -0.43518390480305237E-02         2435         2401
   122   0.12208778782406098E-01         2629         2371
   123   0.39125108671102709E-02         2131        16707
   124  -0.15060320075404377E-01         2315         2315
   125  -0.69622142178700644E-02         2819         2243
   126   0.10555479902450539E-01          339        18499
   127   0.10782946923732393E-01          339        10499
   128  -0.77414226385536427E-02         3331         2123
   129  -0.41019287681771065E-01         4419         4419
   130   0.29906548984044459E-01         4419         2435
   131  -0.41383723628682395E-01         2435         2435
   132  -0.17991938541190081E-02         2629         4483
   133   0.11530773313977595E-02         2627         4675
   134  -0.11474963101801654E-02         2691         2627
   135  -0.14372994287330097E-01         3331         3331
   136  -0.11427210391563539E-02         4675         4419
   137  -0.43944426817636908E-02         6403         6403
   138  -0.23511842590639497E-01         2373         2627
   139   0.11558857039537104E-02         2435         2691
   140   0.29819748128580119E-01         2627         2435
   141   0.13364617553951110E-02        16467         4419
   142  -0.10180973792520516E-02         2881         2123
   143   0.19375150353751849E-02         2339         2497
   144  -0.17885978815499451E-02         4675         2437
   145   0.27013779160634977E-02         2373         2371
   146   0.11446140136026314E-02         4419         4675
   147  -0.77657103565453968E-02         2497         2497
   148  -0.11298185550754349E-02         4483         4419
   149   0.24756702621422915E-02         2627         4739
   150  -0.28314835359684876E-02         2691         4675
   151   0.11571196997467474E-02         4419         4483
   152   0.10591110205013052E-02         2315         2497
   153  -0.11578260328304285E-02         4675         2627
   154   0.10617041740433712E-02        16467         2435
   155  -0.40767132187632281E-02          835          835
   156   0.20502051474118499E-02         2691         2629
   157   0.33072560542594014E-02         4483         4483
   158   0.13216850082778957E-02         4419        16467
   159  -0.10605842771892313E-02         2435        16467
   160   0.11041314560277618E-01         2497         2311
   161   0.17185740554306890E-02         2373         4739
   162   0.33296236226710843E-02         4675         4675
   163  -0.28307770538443821E-02         4483         4675
   164  -0.28361218967175904E-02         4483         2691
   165   0.20656958142772357E-02         4421         4483
   166  -0.28309872418781326E-02         4675         4483
   167   0.20553399080647703E-02         4421         4675
   168  -0.69509217382551104E-02         6211          835
   169  -0.43523093711560212E-02         2401         2435
   170   0.11610092519595892E-02         2435         4483
   171   0.10857132788288579E-01         2311         2497
   172  -0.11561011049815084E-02         2691         2435
   173  -0.68455421094544009E-02         2323         2315
   174  -0.12094957365064217E-01          327          327
   175  -0.18512720806016406E-01          339          339
   176  -0.11929637876324183E-02         4483         2435
   177   0.24823819332499761E-02         4739         2435
   178   0.24815428000958136E-02         2435         4739
   179   0.33358340857827431E-02         2691         2691
   180   0.24762120075845777E-02         4739         2627
   181   0.13520909944097416E-02         2693         4419
   182   0.12499821259506767E-02         8467         4419
   183   0.13522958780130588E-02         2627         4485
   184  -0.17870805325430944E-02         2437         4675
   185   0.10436706005079691E-02         2881         3331
   186  -0.13115333351171716E-02         2401         2401
   187   0.39124944583625492E-02        16707         2131
   188  -0.14856034825317954E-02         2693         2435
   189  -0.16936803119923342E-02         1347         1347
   190  -0.14080063203557430E-01        18499        18499
   191  -0.76746194022175506E-02         2123         2131
   192   0.20230627889018847E-02          355          327
   193  -0.76018973325927804E-02         6465         6465
   194  -0.17839991245751077E-02         4483         2629
   195  -0.15051389937256621E-02         2435         2693
   196   0.12902325761855317E-02         2627        16467
   197   0.12342779614351528E-02         2435         8467
   198   0.12036989071475281E-02         4419         3083
   199   0.24783347295228623E-02         4739         4419
   200   0.20558949249108931E-02         2629         4675
   201   0.20700944837056777E-02         2437         4483
   202  -0.27936236609125377E-02          331        18499
   203  -0.14976950935751796E-02         3083         2435
   204  -0.43595301466671926E-02         2401         4419
   205   0.20489560515494437E-02         2629         2691
   206  -0.26780342878441341E-02         2371         2373
   207  -0.14898639187325433E-02         2627         3083
   208  -0.10392051381661667E-02         3139         2497
   209   0.12652659085852145E-02         4419         8467
   210   0.11025835241157777E-01         6465          327
   211  -0.50209593454501539E-02         2323         2323
   212   0.20496792909252214E-02         4483         4421
   213   0.10353955980205998E-01         3139         8515
   214   0.20541378437034397E-02         4483         2437
   215  -0.14855534078275438E-02         2435         4485
   216  -0.76662452666020845E-02         2881         2881
   217   0.20536499784617190E-02         2437         2691
   218  -0.14863894286919522E-02         4419         4485
   219  -0.77417014771340477E-02         2123         3331
   220  -0.14854608658911200E-02         4485         2435
   221  -0.20230407510812287E-02          327          355
   222  -0.23555103770597951E-01         2627         2373
   223   0.10626828500606941E-02          339          595
   224   0.20536560695481472E-02         2691         2437
   225  -0.15054910884569491E-02         2693         2627
   226   0.22600006993851039E-02        18691        10307
   227   0.35948554398671020E-02         2401         2373
   228  -0.12813380855640681E-02         2629         2437
   229  -0.28332377591643193E-02         4675         2691
   230   0.19718622827077591E-02         2881         2147
   231   0.24775793497662417E-02         4419         4739
   232  -0.35948136775646594E-02         2373         2401
   233   0.68462454424940136E-02         2315         2323
   234  -0.11988472145666857E-01         2119         2119
   235  -0.17844385031653472E-01         2373         2373
   236   0.17654491647437593E-02        10499          331
   237   0.11521992819982351E-02         2627         2691
   238  -0.17844131925926340E-02         4421         2691
   239  -0.14901352430555187E-02         3083         2627
   240   0.17189553300731538E-02         4739         2373
   241  -0.10145925812957948E-02         2123         2881
   242   0.13529287680480884E-02         4419         2693
   243   0.17097316071658219E-02         2629         2629
   244  -0.10706673959330749E-02          595          339
   245  -0.23037586509912422E-02        18691         1347
   246  -0.14888722527436542E-02         2627         4677
   247   0.10315505712810728E-02         4485         2373
   248   0.10422004082803098E-02         3331         2881
   249  -0.28367694316008413E-02         2691         4483
   250  -0.17841241088691819E-02         2691         4421
   251   0.10011278522795142E-02        18499         6465
   252  -0.12861668053680850E-02         2629         4421
   253  -0.12017409162984091E-02         3083         4419
   254  -0.40683717737395814E-02         6211         6211
   255  -0.14852984179908994E-02         4485         4419
   256  -0.12852941721896189E-02         4421         2629
   257   0.10797823558791441E-02          339          403
   258   0.12857081977848625E-02        16467         2627
   259   0.20568249880767199E-02         4675         4421
   260  -0.12868999217276423E-02         4421         2437
   261  -0.64104807391165402E-02         2131         2131
   262   0.20130057326432265E-02         2147         2119
   263   0.12217153212750636E-02         8467         2435
   264   0.76745406817830221E-02         2131         2123
   265   0.10489557195005339E-02         2373         2693
   266  -0.77067596516400220E-02         2131         3331
   267   0.16586685462546744E-02         2437         2437
   268  -0.10106305547210013E-02         8515         2497
   269  -0.14889211362664194E-02         4677         2627
   270  -0.20129378593751932E-02         2119         2147
   271  -0.14890353440929407E-02         4677         4419
   272   0.10170009374319594E-02         4677         2373
   273  -0.14963743175261054E-02         2435         3083
   274   0.10375298329167355E-02         2693         2373
   275  -0.17357189189992693E-02          331          331
   276  -0.13005085825433811E-02         2437         4421
   277   0.13715852283890243E-02         4485         2627
   278  -0.14887736144367811E-02         4419         4677
   279   0.17095772248191055E-02         4421         4421
   280   0.20576277676047521E-02         4675         2629
   281  -0.10789125608264916E-02          403          339
   282  -0.84512858169860806E-02         3139         2315
   283   0.10472272349126299E-02         2373         4677
   284   0.13703280513397422E-02         2435         4677
   285   0.10015103860864995E-02         8467         2627
   286   0.17528480950501999E-02         2339         2311
   287  -0.54687242596732520E-02        18753        18753
   288   0.13514303379784161E-02         4677         2435
   289  -0.14853238250469949E-02         2627         2693
