     1   0.98737525702417950E+00         2371         2371
     2  -0.82861433755678556E-02         9283         2371
     3  -0.54754047707272439E-02         2377         2377
     4   0.82569023041369604E-02         2371        26627
     5  -0.81381723343389740E-02        17667         2371
     6  -0.14572394316855430E-01         2371        16467
     7  -0.69558042951329627E-02          451         6403
     8   0.10290875960326237E-01        16707         2123
     9   0.11076272612570454E-01          327         6465
    10  -0.69569812440814947E-02         6403          451
    11  -0.54878382824553968E-02        18753        18753
    12  -0.69782522561518739E-02         6211          835
    13  -0.81375517114735708E-02         2371        17667
    14   0.89184793026477541E-02         2371         8459
    15   0.11076838116337499E-01         2881         2119
    16  -0.13984690996108294E-01         2371         8467
    17  -0.40427261480081848E-01         2435         2435
    18  -0.10473091137927290E-01        18499        10499
    19  -0.74113668892142126E-02         2371        16459
    20  -0.74094942807483256E-02        16459         2371
    21   0.28952643291466414E-01         2435         4419
    22  -0.21988943507648587E-01         2371         4483
    23   0.10441597648332454E-01        16707         3331
    24   0.11079377779162666E-01         2119         2881
    25   0.10867093486651543E-01        10499          339
    26  -0.22000570038963049E-01         2371         4675
    27   0.11773823172996674E-01         2371         2437
    28   0.16236927620361597E-01         2371         3083
    29  -0.21995398985773927E-01         4483         2371
    30  -0.21992087483274702E-01         2691         2371
    31   0.11776153185771861E-01         2629         2371
    32  -0.68279593911844171E-02         2323         2315
    33   0.11778835418010808E-01         4421         2371
    34  -0.13908738986067008E-01         8467         2371
    35  -0.22000574526909997E-01         4675         2371
    36   0.69826549889860827E-02         3139         2323
    37  -0.40261186324287011E-01         4419         4419
    38  -0.21998565036250403E-01         2371         2691
    39  -0.22857165073397585E-01         4419         2373
    40  -0.77257036654440709E-02         2131         3331
    41  -0.11889488232589999E-01          327          327
    42   0.82557510426695888E-02        26627         2371
    43  -0.14222111687157311E-01        16707        16707
    44  -0.78765548542894109E-02         6465         6465
    45   0.16357885404685767E-01         3083         2371
    46   0.11083435599781085E-01         2311         2497
    47  -0.77257208959476201E-02         3331         2131
    48   0.11779621387651724E-01         2371         2629
    49  -0.11876185697412228E-01         2119         2119
    50   0.10520797199543977E-01          339        18499
    51  -0.69646445485808438E-02         2819         2243
    52   0.11773820133385638E-01         2437         2371
    53  -0.22857084236380783E-01         2373         2435
    54  -0.14572984668260453E-01        16467         2371
    55  -0.69659855107215016E-02         2243         2819
    56   0.10285308666907007E-01         2123        16707
    57  -0.22857089319678597E-01         2435         2373
    58  -0.55851847718328381E-02         2385         2385
    59   0.11775367974801942E-01         2371         4421
    60  -0.77777266915884736E-02         3331         2123
    61   0.67192891856811994E-02         2371         2435
    62   0.88176865172284440E-02         8459         2371
    63  -0.14185523675433806E-01        18499        18499
    64  -0.70218955007575511E-02         4419         2371
    65  -0.77763442667317705E-02         2123         3331
    66  -0.67192618804112819E-02         2435         2371
    67   0.68592839024855566E-02         2371         4419
    68  -0.69528933592086384E-02          835         6211
    69  -0.79022295686971625E-02         2497         2497
    70  -0.40257159840500482E-01         2627         2627
    71   0.29047639708356644E-01         2627         4419
    72   0.10388578049845292E-01         3331        16707
    73  -0.10622047250463538E-01         2315         8515
    74  -0.58786971316162626E-02        10561        10561
    75  -0.13433029232344943E-01         2123         2123
    76  -0.68802688191073845E-02         2627         2371
    77  -0.14538897650035253E-01         3331         3331
    78   0.10868331321102494E-01          339        10499
    79  -0.22855094016827504E-01         2373         4419
    80  -0.82860523836016092E-02         2371         9283
    81   0.28944598109899921E-01         2627         2435
    82   0.28957762848814739E-01         4419         2435
    83  -0.10526185741428518E-01        10499        18499
    84   0.28949746997661903E-01         2435         2627
    85  -0.84909676189526447E-02         2315         3139
    86  -0.10525181867874139E-01         8515         2315
    87   0.10536408968993983E-01        18499          339
    88   0.77090045464215627E-02         2131         2123
    89  -0.14403066304955671E-01         8515         8515
    90  -0.14446293830182982E-01         3139         3139
    91  -0.66168871294400603E-02         2131         2131
    92   0.70427448023840482E-02         2371         2627
    93  -0.79145060101865877E-02         2881         2881
    94   0.11083440870618579E-01         2497         2311
    95   0.28976351750745619E-01         4419         2627
    96  -0.22857953440370646E-01         2373         2627
    97  -0.22855885099192872E-01         2627         2373
    98  -0.77083202447275640E-02         2123         2131
    99  -0.16859299947505336E-01         2373         2373
   100   0.10427151919036778E-01         8515         3139
   101  -0.15016028421121834E-01         2315         2315
   102   0.68253717566011595E-02         2315         2323
   103  -0.85639954142334197E-02         3139         2315
   104  -0.12032236488668111E-01         2311         2311
   105   0.11078807214209509E-01         6465          327
   106  -0.18448107637345428E-01          339          339
   107   0.69163939785174336E-02         2323         3139
