     1  -0.98620047917902887E+00         2371         2371
     2   0.69483531649306503E-03         2119         3331
     3   0.13952921158850013E-01         8467         2371
     4   0.65494839600483410E-03         2147         2147
     5   0.11354315627851875E-02         2371         2441
     6   0.60916829058982160E-02         2435         2371
     7   0.82395329260610672E-02         9283         2371
     8  -0.60538226972608597E-02         2371         2627
     9  -0.98465783045923708E-03        10499         6465
    10   0.14778729921154180E-01         2371        16467
    11  -0.60910467000797226E-02         2371         2435
    12   0.43494862034549261E-02         2435         2401
    13   0.75216759652407565E-02         2371        16459
    14  -0.19851743516383284E-02         2497         2339
    15   0.69682818190401966E-03         3331         2147
    16   0.11089508200846541E-02        14593         2371
    17   0.61641966699446252E-02         4419         2371
    18  -0.70845768095315314E-03         2371         2641
    19   0.11088407711853075E-02        22593         2371
    20  -0.10118377766948727E-02         2497         2315
    21  -0.11055172066558958E-02         2371         8641
    22  -0.35673639397482740E-02         2401         2373
    23  -0.69759994540946754E-03         2147        16707
    24   0.11077183887848719E-02         3841         2371
    25  -0.23696194427026340E-02         2465         2371
    26   0.53831370388384694E-02         2385         2385
    27  -0.16585973920522017E-01         3083         2371
    28  -0.11032123336217003E-02         3265         2371
    29   0.22739416043024274E-01         2371         2691
    30  -0.98505264522337401E-03         6465        10499
    31  -0.22427578145182664E-02        10307        18691
    32  -0.10740318453188362E-02         2633         2371
    33  -0.11055482088646877E-02         8641         2371
    34   0.22744014547805665E-01         4483         2371
    35  -0.70847801524087802E-03         2641         2371
    36  -0.23695986284355064E-02         2371         2465
    37  -0.23698108962611941E-02         4449         2371
    38   0.98307048258263114E-03         3139         2497
    39  -0.12250891884210141E-01         4421         2371
    40  -0.82400654127902460E-02        26627         2371
    41  -0.10740752259137645E-02         2371         2633
    42   0.82401552814226134E-02         2371         9283
    43   0.70286163870574066E-02         2819         2243
    44  -0.23697901482050763E-02         2371         4449
    45  -0.29900746666810120E-01         4419         2435
    46  -0.61529428426518257E-02         2371         4419
    47  -0.11034873506140263E-02         2371         3265
    48   0.11086226095245828E-02         2371        22593
    49   0.14771361203959974E-01        16467         2371
    50  -0.12250840853515282E-01         2371         4421
    51  -0.12244823011343562E-01         2371         2437
    52   0.60457682764544947E-02         2627         2371
    53   0.40589891218714763E-02         6403         6403
    54  -0.10528913300966307E-01         8515         3139
    55   0.22429042866532255E-02        10307         1347
    56  -0.23695558619048901E-02         2657         2371
    57   0.22724736319260832E-01         2371         4675
    58  -0.12244623548428302E-01         2371         2629
    59   0.75217388330660251E-02        16459         2371
    60  -0.69505370454262623E-03         2119        16707
    61  -0.23696975545841816E-02         2371         2657
    62  -0.22427834762530686E-02        18691        10307
    63   0.52478936272045741E-03         2323         2497
    64  -0.29900391004803246E-01         2435         4419
    65   0.22746812242503529E-01         2371         4483
    66   0.82375486181662360E-02        17667         2371
    67   0.20491762710115520E-02          327          355
    68   0.43497878218012242E-02         2627         2401
    69  -0.10529610185539068E-01        16707         3331
    70  -0.60384961626553518E-03         2449         2371
    71   0.82374639821926419E-02         2371        17667
    72   0.70137403477815441E-02         6403          451
    73   0.23616094348307845E-01         4419         2373
    74   0.22748963313410160E-02         2371         2373
    75  -0.89379063349467082E-02         2371         8459
    76   0.11078692693415799E-02         2371         3841
    77  -0.16586220199891449E-01         2371         3083
    78   0.53870025224298651E-02        18753        18753
    79   0.70023478785766402E-02         6211          835
    80  -0.68530044524811964E-03         2311         3139
    81  -0.11200545823562972E-01         2881         2119
    82  -0.38956624919839460E-02         2131        16707
    83   0.13944946852564298E-01         2371         8467
    84   0.69467285263961800E-03         3331         2119
    85  -0.80055442821556433E-03         2371         3091
    86   0.22429805254758355E-02         1347        10307
    87  -0.97992533839613510E-03         2881         3331
    88   0.11354450321293921E-02         2441         2371
    89   0.69700689388429472E-03        18499          355
    90  -0.89353029143085846E-02         8459         2371
    91   0.61957978302595775E-03         2131         2881
    92   0.77286021222347772E-02         3331         2131
    93  -0.29865580557202259E-01         2627         4419
    94  -0.12244787478464771E-01         2437         2371
    95   0.98308832196152777E-03         2497         3139
    96   0.85961179314873737E-02         2315         3139
    97   0.14301099302965829E-01        10499        10499
    98   0.22728422617086241E-01         4675         2371
    99  -0.19857389625760023E-02          355         6465
   100   0.10539435022390999E-01        10499        18499
   101   0.12372382826794433E-02         2371         4433
   102   0.70144933477820906E-02          451         6403
   103  -0.11029469170529156E-02        17217         2371
   104   0.11090421223910224E-02         2371        14593
   105   0.14300080666639858E-01        18499        18499
   106  -0.11226378441117596E-01          327         6465
   107   0.76966675190170480E-02         2881         2881
   108   0.10529414700500851E-01        18499        10499
   109   0.69202359062403877E-03          327        10499
   110   0.41253243079421721E-01         2627         2627
   111   0.14477183664390607E-02        10307        10307
   112  -0.10120377624238130E-02         2315         2497
   113  -0.12243927727123327E-01         2629         2371
   114  -0.60397343647031741E-03         2371         2449
   115   0.78385475251504678E-02         3331         2123
   116  -0.80091662645253258E-03         3091         2371
   117  -0.19852816968547083E-02         6465          355
   118  -0.98471156888674033E-03         6465        18499
   119  -0.98001971569722257E-03         3331         2881
   120   0.27680376467115056E-02        18499          331
   121  -0.82401243379007245E-02         2371        26627
   122   0.10102158212663256E-02         2881        16707
   123  -0.11242812780173368E-01         2311         2497
   124  -0.11030472436153198E-02         2371        17217
   125   0.69157634119060480E-03        10499          327
   126  -0.79693475829036248E-03          339          355
   127   0.69703290610484783E-03          355        18499
   128  -0.28714747311186944E-02         2323         8515
   129   0.52474493204858203E-03         2497         2323
   130  -0.10959988760733556E-01        10499          339
   131   0.15022728915909219E-01         2315         2315
   132   0.69707942177217358E-03        10499          355
   133   0.68251616566282645E-02         2323         2315
   134   0.18656419952397228E-01          339          339
   135   0.98821493418100584E-03         2497         8515
   136   0.43507380989496513E-02         4419         2401
   137   0.77117104407217318E-02         2123         2131
   138  -0.10347380803661715E-01         2123        16707
   139  -0.11234481314946155E-02          339         6465
   140  -0.69767167952985694E-03         8515         2339
   141   0.12373133357146903E-02         4433         2371
   142   0.22742412584961832E-01         2691         2371
   143   0.41194233826927974E-01         2435         2435
   144   0.22436791794026145E-02        18691         1347
   145   0.40934307519972530E-02          451          451
   146  -0.69524543627381865E-03         2339         3139
   147   0.10103799966097119E-02        16707         2881
   148   0.69683254597099355E-03         2147         3331
   149  -0.69495570586737272E-03        16707         2119
   150  -0.29859876598830912E-01         4419         2627
   151   0.78143140592275187E-03         4419         2691
   152   0.74450010643632421E-03         2435         2437
   153   0.28329773793936068E-02         4675         4483
   154   0.14237775857992908E-02         3083         2435
   155   0.10691814961754321E-01         2315         8515
   156   0.79271299140164914E-03         2627         4483
   157   0.10983283466856574E-02         4483         2435
   158  -0.10529496168666615E-01         3331        16707
   159  -0.68391053337830661E-03         4419        17667
   160  -0.70516476577403195E-03         3587         2123
   161  -0.10943473963681554E-02         4419         4483
   162   0.67074890129565506E-03         8723         2371
   163  -0.65366480602691869E-03        16963         3331
   164   0.84953479828732306E-03         2371         4741
   165  -0.74065508303030887E-03         2629         2627
   166  -0.12419598002983789E-02         2627        16467
   167   0.65270881386236422E-03        20547        10499
   168  -0.11717746559560462E-02         8467         2435
   169   0.27676043592256686E-02          331        18499
   170   0.83128683403967628E-03         4363         2315
   171  -0.10973250069876571E-02         2435         2691
   172  -0.11166482960397613E-02         2627         4675
   173  -0.29913639726870944E-01         2435         2627
   174   0.51824722822278073E-03         2435        16459
   175   0.10920700661993016E-02         3083         4419
   176   0.74572862766655369E-03         2627         2629
   177  -0.12414210081175756E-02        16467         2627
   178   0.65363068616488575E-03         3331        16963
   179  -0.63861910619189685E-03         4419        26627
   180   0.20387366810195994E-02         2119         2147
   181   0.75927512101564456E-03         2123        16963
   182  -0.33587134190457115E-02         4675         4675
   183   0.64406542457030262E-03         8467         2373
   184   0.11058499891497761E-02         4675         4419
   185   0.74689668486406546E-03        12547        10499
   186  -0.64942202630578554E-03        10499        20547
   187   0.74274883820283190E-03         3331        16771
   188   0.85685256870977639E-03        12547          339
   189  -0.10735328853734554E-01          339        18499
   190   0.14618497003212481E-02         2435         2693
   191  -0.29916577182259037E-01         2627         2435
   192   0.63947648419651051E-03         2435         9283
   193   0.14653592369572707E-02         2693         2627
   194   0.67594889364740998E-03         2123         2147
   195  -0.70949453396246340E-03         3331         2187
   196   0.78001761636205659E-03         2435         4675
   197   0.66090586167749231E-03          355          355
   198   0.41246354295055569E-01         4419         4419
   199   0.67811978672635954E-03         2435        26627
   200   0.81450427283747144E-03         8459         2435
   201   0.99180992283150627E-03          403          339
   202  -0.68038321251329473E-03         9283         2627
   203   0.64953390134447572E-03        12547        18499
   204   0.53867887214870116E-02         2377         2377
   205   0.14237599665089854E-02         2435         3083
   206  -0.71209439269407466E-03         2371        16531
   207  -0.69231736050827039E-03         2627        16459
   208   0.10017240059610427E-02          595          339
   209  -0.69225608684530962E-03        16459         2627
   210   0.14621698509460692E-02         4485         2435
   211  -0.68433286028729231E-03         4419         9283
   212   0.80307867408186285E-03         2371         5131
   213   0.71180136196284443E-03        16531         2371
   214   0.78894501596804404E-03        10755        10499
   215  -0.51026666419691014E-03         2123         4179
   216  -0.12242229075599975E-02         4419         8467
   217  -0.74886908089153250E-03         2315         3203
   218   0.65196557750401847E-03        16707         3587
   219  -0.80904003261034218E-03         5131         2371
   220  -0.62099214216846830E-03        12547        12547
   221   0.43494899312264074E-02         2401         2435
   222   0.72335706621667114E-03         4171        16707
   223   0.63868502573304964E-03        26627         4419
   224  -0.56649438979371701E-03         4419         2629
   225  -0.68128292721655230E-03         2435        17667
   226   0.77286003105720312E-02         2131         3331
   227  -0.56597807116168784E-03         4419         2437
   228   0.51568631068477035E-03          595          403
   229  -0.20053221849607047E-02         4421         4483
   230   0.23603643876800036E-01         2435         2373
   231   0.74255478910539201E-03         8459         4419
   232  -0.11239903501587026E-01         2497         2311
   233  -0.73828426622961731E-03        10755        18499
   234  -0.11121412391078501E-02         2627         2691
   235   0.65410863830661593E-03         8515         3203
   236   0.14309622091891246E-01         3331         3331
   237  -0.10848252372752467E-02         4419         4675
   238  -0.68128401181115870E-03        17667         2435
   239  -0.10966475114552038E-02         2435         4483
   240  -0.13095194866088805E-02         4677         2435
   241   0.10963524957385490E-02         4483         4419
   242   0.73824300582984873E-03         8515         5187
   243   0.69712787336816595E-03          355        10499
   244  -0.24893219046842820E-02         4739         2435
   245   0.28350215018640005E-02         2691         4483
   246   0.79088176397465253E-03         2571         2315
   247  -0.79077585487403708E-03         2315         2571
   248  -0.99967810667388342E-03          339          595
   249   0.59633176747729175E-03          339          341
   250   0.74506201478562282E-03          339          327
   251  -0.73577058669725627E-03        18563        10499
   252  -0.65198838249014692E-03        18499        12547
   253  -0.78568664174495054E-03         4483         2627
   254   0.74579282855943504E-03         3587         3331
   255  -0.19963627107280192E-02         2691         2629
   256   0.14165239180911413E-02         3083         2627
   257   0.28167033964788361E-02         4483         4675
   258  -0.62156392626863894E-03         4419        16459
   259  -0.79324392357283280E-03         2691         4419
   260  -0.13090310277006207E-02         4419         2693
   261  -0.72697691342666997E-03          403          403
   262  -0.71480709487692037E-03         2315         2339
   263   0.98829633341616517E-03         8515         2497
   264   0.56707244287962442E-03         2629         4419
   265  -0.68016465886794168E-03         9283         4419
   266  -0.56846740293750998E-03         2435         2629
   267  -0.11247862865258338E-01         2119         2881
   268  -0.11713501421298958E-02         2435         8467
   269  -0.10982593652258661E-02         4419         3083
   270   0.67854220782986104E-03        26627         2627
   271  -0.79585372902686320E-03         2315         8579
   272  -0.74540157367720776E-03          327          339
   273   0.43498927786662020E-02         2401         2627
   274   0.14659652129855546E-02         4419         4677
   275   0.74273089711495203E-03        16771         3331
   276  -0.68253200903360808E-02         2315         2323
   277  -0.20074329598424871E-02         2691         2437
   278  -0.69821371212298075E-03         8515         2311
   279   0.52060014789820299E-03         4179         3331
   280  -0.91116838416451440E-03         8467         2627
   281  -0.24722889605687305E-02         2435         4739
   282   0.17375297156771599E-02         4421         2691
   283   0.64194719380293271E-03         4419         5131
   284  -0.10954461632127471E-01          339        10499
   285   0.28187820183009226E-02         4483         2691
   286   0.74631061769990536E-03        20547        18499
   287  -0.20231203524839242E-02         4483         2437
   288   0.17372023436369457E-02         4483         2629
   289   0.14483545903611152E-02        18691        18691
   290  -0.79352721013891585E-03         3331         5379
   291  -0.74705561590747958E-03        10499        12547
   292   0.69145624586959629E-03          327        18499
   293  -0.53843320956254803E-03         3587         2131
   294   0.11904472527018792E-01         2119         2119
   295  -0.56673348542787274E-03         2435         4421
   296   0.11183165041030690E-02         2691         2435
   297  -0.74580707436291266E-03         3331         3587
   298  -0.69765721487250246E-03         2339         8515
   299  -0.74015235936724082E-03         2437         2435
   300  -0.12218048118296915E-02         8467         4419
   301  -0.74351190581369540E-03         2571         3139
   302   0.67850165320167122E-03         2627        26627
   303   0.12788676065602850E-02         2401         2401
   304  -0.78923351171494870E-03        18499        18563
   305   0.43507510045571402E-02         2401         4419
   306  -0.57434623857074507E-03        16531         2435
   307   0.96182236625468140E-03         2435        16467
   308  -0.33464441019862181E-02         4483         4483
   309  -0.24898976436226929E-02         2627         4739
   310  -0.12914058757167810E-02         4419        16467
   311   0.79695484311970437E-03          355          339
   312   0.82785723668240803E-03         4483         2373
   313  -0.74650085508861871E-03        18499        20547
   314   0.14168287232166562E-02         2627         3083
   315   0.74263087501712721E-03         4419         8459
   316  -0.19965784968395666E-02         2629         2691
   317  -0.61473826666502804E-03         2627         8459
   318  -0.63715914170241314E-03        10755          339
   319  -0.13086772320905834E-02         2693         4419
   320  -0.79107949460310281E-03         4675         2435
   321   0.17372199364477164E-02         2629         4483
   322  -0.24727307795958070E-02         4419         4739
   323   0.28356226378101683E-02         4675         2691
   324  -0.68400100086063150E-03        17667         4419
   325  -0.33883537279626435E-02         2691         2691
   326  -0.19851979593985061E-02         2339         2497
   327  -0.10729452557633178E-01        18499          339
   328  -0.17112321649487222E-02          331        10499
   329  -0.99388878372558016E-03          339          403
   330  -0.20386591668197737E-02         2147         2119
   331  -0.57476039414271738E-03         2435        16531
   332  -0.65203764194005608E-03         3587        16707
   333   0.85882935493706506E-03          339        12547
   334  -0.24897563235747235E-02         4739         4419
   335  -0.64890101253039785E-03         2571         2571
   336   0.14336810351871992E-01        16707        16707
   337   0.77876291468133047E-03        16963        16707
   338   0.64172766600532102E-03         5131         4419
   339   0.23608949721777722E-01         2627         2373
   340  -0.55716891662675066E-03        18563        18563
   341  -0.52075688507907539E-03         3331         4179
   342  -0.98487156267196979E-03        18499         6465
   343  -0.13099193998183402E-02         2435         4677
   344  -0.68040965442803583E-03         2627         9283
   345  -0.65406885915724172E-03         8579         3139
   346  -0.77876982738341093E-03        16707        16963
   347  -0.66099741721741348E-03          595        10499
   348   0.84902066441060284E-03         4741         2371
   349  -0.10347635084974148E-01        16707         2123
   350   0.79272907861773542E-03        16771        16707
   351  -0.11236119876367600E-02         6465          339
   352  -0.20030832835324628E-02         2437         2691
   353   0.82585919862953987E-03        18499          595
   354  -0.20075172880760308E-02         4675         2629
   355  -0.58933729797788119E-03        16963        16963
   356   0.82904743350002035E-03         2691         2373
   357  -0.62419518531183513E-03         3587         3587
   358   0.74158895575743484E-03        16707         5379
   359  -0.79275797444522855E-03        16707        16771
   360  -0.64259403974544784E-03        17667         2627
   361   0.74143570467364813E-03         5379        16707
   362  -0.62161540999084645E-03        16459         4419
   363  -0.20235467192539318E-02         2437         4483
   364  -0.19845212466341796E-02         2881         2147
   365   0.23615298268072332E-01         2373         4419
   366   0.51445740041123245E-03          403          595
   367   0.74312426999996689E-03         8771         3139
   368  -0.73763449543278088E-03        18499        10755
   369  -0.56776301862149334E-03         2627         2437
   370  -0.72740571726829346E-03         4421         4419
   371   0.56211073242045089E-03         4545         4359
   372   0.22434683226269705E-02         1347        18691
   373  -0.56061838808053280E-03        16771        16771
   374   0.73211298862645938E-03         4419         4421
   375   0.75681772426498860E-02         6465         6465
   376  -0.20048775194676169E-02         4483         4421
   377  -0.56590175901756934E-03         2627         4421
   378   0.75931472745474561E-03        16963         2123
   379  -0.60684831113937132E-03        16771         2123
   380  -0.62106876971603907E-03        20547        20547
   381  -0.73641615045644151E-03        10499        18563
   382  -0.17112645513486634E-02        10499          331
   383  -0.20491215368470027E-02          355          327
   384   0.12011813516517745E-01          327          327
   385  -0.16649314231988255E-02         4739         2373
   386   0.83088440056303234E-03          403        10499
   387  -0.67237719625892463E-03         2123         2119
   388   0.65911478031093537E-03        10499          595
   389   0.14698155480604117E-02         4485         4419
   390   0.81425881038022592E-03          339          331
   391  -0.81424309009470262E-03          331          339
   392   0.17449457398095631E-01         2373         2373
   393   0.66594501873309844E-03         2571         8515
   394   0.23608073227481100E-01         2373         2627
   395   0.70380827822860191E-02         2243         2819
   396  -0.13096917590425272E-02         4485         2627
   397   0.17373109492456774E-02         4675         2437
   398  -0.82910038463473057E-03         2373         2691
   399   0.14613166587201605E-02         4677         2627
   400   0.11220065250763319E-02         4675         2627
   401  -0.82801966767422671E-03         2315         4363
   402   0.81476048574461715E-03         2435         8459
   403  -0.22771414980246323E-02         2373         2371
   404  -0.38956045922135204E-02        16707         2131
   405   0.62363404936110133E-03          339        18563
   406   0.82828645414046061E-03         4675         2373
   407   0.61656697478627820E-03         8459         2627
   408  -0.82820160191330575E-03         2373         4483
   409   0.64264263164506862E-03         2627        17667
   410   0.49565242360188836E-02         2323         2323
   411  -0.62706473165117355E-03         2315         8771
   412  -0.71848892001963121E-03          595          595
   413  -0.67030031302460014E-03         2371         8723
   414   0.56844725638296686E-03         2437         2627
   415   0.78929825999410103E-03        18563        18499
   416   0.83116259713261525E-03        10499          403
   417   0.82618590213552937E-03          595        18499
   418  -0.69812907465750123E-03         2311         8515
   419   0.56636150993147371E-03         4421         2627
   420  -0.58536694814167404E-03         4363         4363
   421  -0.55779879875514653E-03         5379         5379
   422   0.70673168060368663E-03         2315         2311
   423   0.95223106255266845E-03         2881         2123
   424  -0.51821706329225280E-03        16459         2435
   425   0.60683804442389995E-03         2123        16771
   426   0.17370589678649101E-02         2691         4421
   427   0.20391297646331612E-02         2311         2339
   428   0.64515598926042890E-03        16707         2187
   429  -0.12938526441980099E-02        16467         4419
   430   0.10691501392038758E-01         8515         2315
   431  -0.69525337749928320E-03         3139         2339
   432   0.67796631240788711E-03        26627         2435
   433  -0.20027702164411593E-02         2629         4675
   434   0.23603493969154610E-01         2373         2435
   435   0.56635697805395993E-03         2437         4419
   436  -0.68599466645666097E-02         2323         3139
   437  -0.16650517335449427E-02         2373         4739
   438   0.84981180863359597E-03          339        20547
   439  -0.16659112129157345E-02         4421         4421
   440   0.68238031219111531E-03        16467         2373
   441  -0.68544947678186722E-03         3139         2311
   442   0.56859913656962923E-03         2629         2435
   443  -0.64389572343479234E-03          403        18499
   444   0.79315604790289795E-03         5379         3331
   445   0.11124272370860208E-02         2691         2627
   446   0.69108542386182392E-03        18499          327
   447  -0.99401707761450210E-03         2373         2693
   448  -0.67591352660345051E-03         2147         2123
   449   0.14310717943980795E-01         3139         3139
   450   0.17378163897778095E-02         2437         4675
   451   0.14695211887156441E-02         4419         4485
   452   0.12508234560441919E-02         2437         4421
   453  -0.28716543050964429E-02         8515         2323
   454   0.14614557400760742E-02         2627         4677
   455   0.56683455876151189E-03         4421         2435
   456   0.71481052956121960E-03         2339         2315
   457  -0.70669721789813655E-03         2311         2315
   458   0.72357140629064989E-03        16707         4171
   459   0.63685515736317021E-03          339        10755
   460  -0.82867499832903516E-03         2373         4675
   461   0.14611372949726749E-02         2693         2435
   462  -0.99419837401181410E-03         2373         4485
   463  -0.64514887889303930E-03         2187        16707
   464  -0.13090841224932480E-02         2627         4485
   465   0.28357610491657049E-02         2691         4675
   466   0.12501719452889905E-02         4421         2629
   467   0.14653676431940965E-02         4677         4419
   468   0.76580417485154777E-03         2373         3083
   469  -0.24900359269698796E-02         4739         2627
   470  -0.79590208410477861E-03         8579         2315
   471   0.11908777213557044E-01         2311         2311
   472   0.91383109434007182E-03         2627         8467
   473   0.74621283391569312E-03         3203         3139
   474  -0.69762051750090241E-03        16707         2147
   475   0.63971235377175851E-02         2131         2131
   476  -0.78903409088749944E-03        10499        10755
   477  -0.68595231863033479E-02         3139         2323
   478   0.85154221079440596E-03        20547          339
   479   0.35676096232654122E-02         2373         2401
   480   0.12506436814178942E-02         2629         2437
   481   0.64576290445905445E-03        18499          403
   482  -0.62372238393412153E-03         3203         3203
   483   0.95259841680443453E-03         2123         2881
   484  -0.54209417058794526E-03         2627         8723
   485  -0.62333197187908564E-03        18563          339
   486  -0.20164361900234708E-02         4675         4421
   487   0.67255400798187255E-03         2119         2123
   488   0.78384379101912819E-02         2123         3331
   489  -0.11201615414901840E-01         6465          327
   490  -0.16880580116835069E-02         2629         2629
   491   0.14844051097145871E-02         1347         1347
   492  -0.99420109395863222E-03         4485         2373
   493  -0.19854891926884585E-02         2147         2881
   494   0.13558797476357345E-01         2123         2123
   495   0.70011712514840832E-02          835         6211
   496  -0.78854140935630365E-03         3139         5187
   497   0.14302806709649224E-01         8515         8515
   498   0.12502523179313261E-02         2629         4421
   499  -0.77115760200306260E-02         2131         2123
   500  -0.55793385103524178E-03        10755        10755
   501  -0.99375959014554841E-03         2373         4677
   502  -0.99370481743317734E-03         4677         2373
   503  -0.70064625175956402E-03         2123         2187
   504  -0.99400960549714539E-03         2693         2373
   505   0.52152047312785399E-03         2187         2131
   506  -0.96419671319983183E-03        16467         2435
   507  -0.51016376654524275E-03         4179         2123
   508   0.75140749494793653E-03         8579         8515
   509   0.12505707723166482E-02         2437         2629
   510   0.75055189285217015E-03         4171         2123
   511   0.79614364400363050E-03         8771         8515
   512  -0.79610246379685848E-03         8515         8771
   513   0.52155317182339212E-03         2131         2187
   514   0.56244919880227577E-03         2567         2753
   515  -0.59741090672635810E-03         2187         2187
   516  -0.75879646995685376E-03         4363         8515
   517  -0.20120437921484009E-02         4421         4675
   518   0.15237564981191245E-02          331          331
   519   0.12508448071792814E-02         4421         2437
   520   0.53888315488531255E-02        10561        10561
   521  -0.70512218652301229E-03         2123         3587
   522   0.55807849891715015E-03         2753         2567
   523  -0.68261448114471273E-03         2373        16467
   524   0.61939596850653410E-03         2881         2131
   525  -0.75093549721390101E-03         2123         4171
   526  -0.16614222490521921E-02         2437         2437
   527   0.70063843279461596E-03         2187         2123
   528  -0.10531012134696644E-01         3139         8515
   529  -0.76572965912869210E-03         3083         2373
   530  -0.55789197080385053E-03         8771         8771
   531  -0.20391352681904959E-02         2339         2311
   532  -0.64372905562340920E-03         2373         8467
   533  -0.59632758047561084E-03          341          339
   534  -0.58893721183994022E-03          391          391
   535  -0.64176984469509180E-03         8467         8467
   536  -0.75144958504230622E-03         8515         8579
   537   0.73814417246173276E-03         5187         8515
   538   0.56121783030290350E-03          583         6721
   539   0.14651197337223402E-02         2627         2693
   540  -0.66590505147504596E-03         8515         2571
   541   0.65515959810453865E-03         2339         2339
   542  -0.74627350930245881E-03         3139         3203
   543   0.40572457376725603E-02         6211         6211
   544   0.86252553798669643E-02         3139         2315
   545   0.56439904764358834E-03         4359         4545
   546   0.74322200364943588E-03         3139         8771
   547   0.65356196104008192E-03         3139         8579
   548   0.53867686536371567E-02         3393         3393
   549  -0.50653393385973280E-03         3139         4363
   550  -0.52906315821260467E-03         4171         4171
   551  -0.59426025733963180E-03         4359         4359
   552  -0.54232062262058779E-03         8723         2627
   553  -0.70944094046104702E-03         2187         3331
   554  -0.73930085528203034E-03         3203         2315
   555  -0.73652928583672103E-03         3139         2571
   556   0.14618509975228235E-02         2435         4485
   557  -0.75658380922295982E-03         8515         4363
   558   0.50245465657145329E-03         5187         2315
   559  -0.63968658594289033E-03         9283         2435
   560   0.41061560835870580E-02         2819         2819
   561   0.40676047308063571E-02         2243         2243
   562   0.79177085783929690E-03         5187         3139
   563   0.56642511027804989E-03         4167         4929
   564  -0.68744385151654980E-03        16467        16467
   565  -0.59137959309531218E-03         4167         4167
   566  -0.62389861871946705E-03         8579         8579
   567  -0.53835748636361848E-03         2131         3587
   568  -0.55764532015332264E-03         5187         5187
   569  -0.78880492877182393E-03         3083         3083
   570   0.75666296418230583E-02         2497         2497
   571  -0.65423558821237494E-03         3203         8515
   572   0.62727966953983049E-03         8771         2315
   573  -0.49833936976709258E-03         4739         4675
   574  -0.50041528261351043E-03         4739         4483
   575  -0.49951492174963609E-03         4739         2691
   576   0.49657231259835316E-03         4675         4739
   577  -0.50148382201846691E-03         8467        16467
   578   0.55954197336867634E-03         2183         2945
   579  -0.51558237768398922E-03         2315         5187
   580   0.49769343795761614E-03         2691         4739
