     1   0.96609593138165151E+00        83623         1703
     2   0.21356919688901972E-01        83623         1735
     3   0.21343455441415245E-01        83623         1831
     4   0.27850077822620976E-01        83751         1703
     5  -0.33316643721889604E-01        84647         1703
     6   0.18786545663680501E-01        82607        67111
     7   0.20473286413412960E-01        83655         1831
     8  -0.17992041777273315E-01        83623         2727
     9   0.19392979843413750E-01        18343       132647
    10  -0.12146079244187114E-01        86695         4775
    11  -0.12024604974016449E-01        83783         1703
    12  -0.15842997676695635E-01       165543         1703
    13  -0.10937171444320779E-01         2023         1703
    14  -0.15238778484403144E-01        83623        20101
    15  -0.50614287650666397E-01        83623        20099
    16  -0.10960055952046790E-01       100007         8871
    17   0.13930680997598067E-01        67303          687
    18  -0.21881143459933868E-01        83627         1707
    19   0.27952072888212366E-01        83655         1703
    20  -0.14350517465447875E-01        85543         3623
    21   0.50784260255940038E-01        83623        69155
    22  -0.23614983285632586E-01        83623        71203
    23   0.14149579731137030E-01        83623        17047
    24   0.11091027377329796E-01        84651         1703
    25  -0.10418962399475387E+00        83623        83463
    26  -0.11518485259008691E-01        83659         1703
    27  -0.12253354574573824E-01        83637         1735
    28  -0.18765762874783657E-01       149159         1735
    29   0.14900627797474805E-01       149191         1703
    30   0.11267756328429289E-01        69347         1703
    31   0.11099940969222786E-01       149159         1717
    32   0.16140398921916384E-01        18343         3749
    33  -0.12119875835908272E-01        20387         1703
    34   0.10988196414456388E-01       214567        34439
    35   0.12243761594775403E-01       100011         1703
    36   0.12661646133253679E-01        18343         3747
    37   0.11126591764323276E-01        85669       132647
    38  -0.27349979066160292E-01        85669        67111
    39  -0.24750473692607869E-01       214567        67111
    40   0.23599065175564100E-01        83623        22147
    41   0.13676808629293841E-01        67303       132647
    42  -0.10200781357635857E-01        83623         1739
    43   0.12346856426432243E-01        22435         1703
    44  -0.12266339471619144E-01        83637         1831
    45   0.15213388094764965E-01       100135         1703
    46   0.12030844102600054E-01       214567         3749
    47   0.11886296300298999E-01        83623         2731
    48   0.11610193359600176E-01        90791         1735
    49   0.10361251097469259E-01        82607        34439
    50  -0.14129513694267256E-01        83623        66103
    51   0.12392709608715954E-01        85543        67237
    52  -0.17016606093933503E-01        85669         3747
    53  -0.14039029933806258E-01        18343          687
    54  -0.12266403406412321E-01        71395         1703
    55  -0.20544173683092172E-01        18343         5795
    56   0.15216559774760899E-01        83751         1707
    57   0.11793500715575153E-01       149163         1703
    58   0.28552720251023241E-01        85669        18055
    59   0.15441132683695544E-01        83623        69157
    60   0.11074483183189836E-01       149159         2727
    61  -0.11120353780769388E-01        85669        34439
    62   0.11849983596918174E-01        87715        34439
    63  -0.17748997978447503E-01       214567        18055
    64  -0.10097982090492464E-01        83623         1835
    65   0.20449063006101602E-01        83751         1735
    66  -0.24338487825853086E-01       116359        18055
    67  -0.60683821408528453E-01        85667        67111
    68   0.18333954764413525E-01        82607         5795
    69  -0.27852920392035574E-01        83655         1735
    70  -0.25170145655523404E-01       100007         1735
    71   0.14503330577766423E-01       116359         5795
    72   0.14858314853693563E-01        83627         1735
    73  -0.32674942674683523E-01        87715        18055
    74  -0.17499238180756421E-01       149159         1707
    75   0.32675328761697549E-01        87715        67111
    76  -0.27642887791770241E-01        67303        67111
    77   0.11045042257449613E-01        83751         8871
    78  -0.24971978884146272E-01       149159         1831
    79  -0.22358632962219491E-01        85669         3749
    80   0.11611071532814165E-01        90791         1831
    81   0.15353272882695746E-01        85669         5795
    82  -0.41272720454884629E-01        18343        67111
    83  -0.12786433792387593E-01        82615        18055
    84  -0.17499093911908885E-01       116359        67111
    85   0.25650520051194284E-01        85667         5795
    86   0.12770547032347179E-01        82615        67111
    87  -0.10264512616025906E-01        91813         3749
    88   0.10892828806799504E-01        83655         8871
    89   0.11418757556927246E-01        91813        67111
    90  -0.18800240690188562E-01        82607        18055
    91   0.20850605738204520E-01        85667         3749
    92  -0.10473386727374925E-01        87717         3749
    93  -0.20506501900814784E-01        84647         2727
    94  -0.11491279718750533E-01        83755         1703
    95   0.10986265576979619E-01       116359       132647
    96  -0.27764616227884027E-01        18343        18055
    97  -0.12182011773150861E-01        83655         1717
    98  -0.12143865114892382E-01        83751         1717
    99  -0.10847286569674194E-01       149159         8871
   100   0.13685738024730453E-01        18343        34439
   101  -0.30336147207473074E-01        87715         5795
   102   0.14861532888331313E-01        83627         1831
   103  -0.46683181272371740E-01        85667         3747
   104  -0.14915227975359048E-01       214567         5795
   105  -0.15290594092878371E-01       214567       132647
   106   0.60065790079802756E-01        85667        18055
   107  -0.18968960031880776E-01       100007         1831
   108  -0.10361005937480837E-01        82607       132647
   109  -0.11235545890972618E-01        20387        83463
   110  -0.15288249830300384E-01       116359        34439
   111  -0.14656140140775122E-01        86695         1707
   112   0.11169377286338605E-01       100007         2727
   113  -0.11446223296969730E-01        91813        18055
   114  -0.22148921046685335E-01        87715         3747
   115  -0.13623254584285250E-01        82607          687
   116  -0.27837702673185503E-01        83751         1831
   117  -0.11835146360992624E-01        87715       132647
   118  -0.16256747148566487E-01        83627         4775
   119   0.16748317091638591E-01        87715         3749
   120   0.10218382937498076E-01        83623         1715
   121   0.19380135508642517E-01        67303        34439
   122  -0.40949673287192727E-01        67303        18055
   123  -0.12026519500752448E-01       116359         3749
   124   0.21344075014281993E-01        67303         5795
   125  -0.13474261696227483E-01        67303         3747
   126   0.11237307382459500E-01       100007         1717
   127   0.19282177903291578E-01        87715          687
   128   0.14975846660772119E-01        83655         1707
   129  -0.16160955100465408E-01        67303         3749
   130   0.21126555201169021E-01        20135        66215
   131  -0.10321422986815317E-01        83637         1717
   132  -0.10561733754732450E-01        67303        85507
   133  -0.11396857569698774E-01        83623         4775
   134  -0.14265683605689902E-01        85639         3719
   135   0.11619577004398994E-01       116359          687
